70 2415
0 1 22.07523431902521
0 2 47.7449386253634
0 3 65.61579658057445
0 4 92.44120986553281
0 5 71.40420744249384
0 6 37.80687120829196
0 7 58.15333603116273
0 8 71.2188513490154
0 9 90.97618014688064
0 10 70.96279949742245
0 11 34.81331107618061
0 12 67.90348672443756
0 13 80.15452263370213
0 14 73.36185449221865
0 15 85.12266817850991
0 16 53.5444375646517
0 17 75.40319002515328
0 18 48.938468045145726
0 19 64.86042384506004
0 20 82.82495955001843
0 21 34.511980720481475
0 22 61.840518889432275
0 23 63.78058390216266
0 24 91.89569228574183
0 25 98.05539448988652
0 26 61.794746484766286
0 27 80.49978344654608
0 28 82.66695016074533
0 29 21.16846939172514
0 30 34.078001312933495
0 31 54.683207972909955
0 32 38.852843478612826
0 33 34.32009947809063
0 34 28.716129142569642
0 35 51.75287409809094
0 36 32.91333782715274
0 37 55.78077769004003
0 38 90.01019126282011
0 39 46.81852423306107
0 40 48.5946522478519
0 41 88.1770617225525
0 42 47.381473192891846
0 43 28.466973093569024
0 44 48.249015811286704
0 45 99.10422357520122
0 46 42.044643476042374
0 47 96.02304356859915
0 48 65.99906053339484
0 49 42.60085641306135
0 50 54.42098625303973
0 51 38.52642519926525
0 52 76.79502345399894
0 53 71.02624349744963
0 54 32.46436483807068
0 55 45.233264082673145
0 56 35.94179518966993
0 57 92.23078136478475
0 58 87.84156283379495
0 59 98.02765375542211
0 60 70.75820985604244
0 61 20.25236303054409
0 62 35.71568203429818
0 63 87.0093748268173
0 64 60.66735024675331
0 65 92.26066379140131
0 66 54.14436115399013
0 67 58.6075926281271
0 68 77.5839796727588
0 69 98.34385970679277
1 2 73.70873626411151
1 3 61.78518219927987
1 4 38.222563411112496
1 5 74.29086831606952
1 6 20.729913049490296
1 7 61.412199953391465
1 8 24.557125701382006
1 9 82.8726662436201
1 10 52.40627211013316
1 11 96.05539991313822
1 12 58.30341394344864
1 13 95.587439192962
1 14 48.81250069492555
1 15 91.3610320613627
1 16 22.158346897125814
1 17 32.15397510256953
1 18 82.31665022304213
1 19 36.19141793266078
1 20 34.66838621288807
1 21 92.59100756513664
1 22 59.4592814247694
1 23 22.16862227746006
1 24 40.586145310142584
1 25 99.83115697181549
1 26 73.17429917038803
1 27 22.768253431633187
1 28 82.65491977765461
1 29 95.92241432292597
1 30 68.85931078288468
1 31 61.66097103267194
1 32 21.18388220382462
1 33 76.63990958954969
1 34 83.56126689061178
1 35 21.790171602446826
1 36 39.760693679624694
1 37 63.545513562076934
1 38 64.35020677516002
1 39 76.07663648974476
1 40 46.55624392307332
1 41 86.14335390146893
1 42 98.91101656793859
1 43 75.9375197007958
1 44 49.64353747623298
1 45 51.673639122145104
1 46 21.503051518430674
1 47 60.76922093899226
1 48 29.632094851407047
1 49 57.343820171367284
1 50 69.74406402266892
1 51 71.86719733597499
1 52 25.38205210870256
1 53 30.550501158750585
1 54 24.44657165293681
1 55 25.0792421176884
1 56 89.94895869658242
1 57 32.63535285766787
1 58 21.607761215654282
1 59 46.24644346689414
1 60 25.853332727239973
1 61 37.38149622056198
1 62 42.12958161614878
1 63 86.00370198577704
1 64 45.685821931375095
1 65 32.123305784929386
1 66 81.7318015102095
1 67 79.07237955481614
1 68 34.28711054351848
1 69 84.46459603411539
2 3 50.48081998624881
2 4 45.66897824344966
2 5 52.09345557780818
2 6 21.366697115771885
2 7 87.98510448085133
2 8 97.31711753902717
2 9 35.93781731967742
2 10 97.24788041683416
2 11 48.957386298686075
2 12 74.19830001063953
2 13 55.16213773957161
2 14 40.973269153076195
2 15 31.89730447862388
2 16 88.56207932183065
2 17 65.75835864497496
2 18 23.141742720377685
2 19 55.187505918891205
2 20 23.911946664820974
2 21 98.53073474077854
2 22 50.152685520002166
2 23 63.370022503985446
2 24 36.69166378382057
2 25 99.28624156924774
2 26 58.79815279024762
2 27 93.53415975198756
2 28 73.66536118810826
2 29 20.962427227311117
2 30 27.811293140387257
2 31 51.857329441221616
2 32 45.912176741003194
2 33 76.80967289588858
2 34 32.4870885482263
2 35 30.521640652071653
2 36 61.10763718586589
2 37 85.25326538010246
2 38 89.0331443371649
2 39 71.68047129854835
2 40 69.16144379372983
2 41 42.54753649236822
2 42 73.05097660586095
2 43 83.45114001502563
2 44 29.21233388164053
2 45 90.54513467362531
2 46 74.75117855174338
2 47 51.13633839379622
2 48 58.474518421842916
2 49 97.56996146750171
2 50 40.80630972131617
2 51 36.36158286273143
2 52 53.78746513563024
2 53 65.12601544930774
2 54 57.36155474617641
2 55 35.44442568459428
2 56 74.17789661072611
2 57 32.36974841830157
2 58 88.17933433224243
2 59 99.05496706806166
2 60 88.11688068155703
2 61 50.639305416798436
2 62 93.85657308861583
2 63 33.17181858512092
2 64 69.46483096165966
2 65 50.33836013994093
2 66 52.820655609743426
2 67 44.89431698579294
2 68 33.948510792552895
2 69 24.283352568557337
3 4 74.56255476273085
3 5 94.96874156130515
3 6 26.80770476672037
3 7 95.12607336555745
3 8 83.35929914362337
3 9 97.91464256883137
3 10 65.72525335575028
3 11 39.24149989504652
3 12 37.622047088618075
3 13 89.88702191469233
3 14 72.2823757680006
3 15 75.17505405275179
3 16 23.307599254114415
3 17 85.8079452496678
3 18 75.4224598317546
3 19 99.50227802460878
3 20 62.39033337259616
3 21 75.90775985418385
3 22 96.78832698866553
3 23 50.40761631589262
3 24 72.88390341502704
3 25 89.32146529494
3 26 41.8615699144696
3 27 23.680404390069274
3 28 28.927899921922872
3 29 89.97867283865494
3 30 86.63794347693207
3 31 73.40785874061666
3 32 33.318283364650476
3 33 40.023736370034435
3 34 94.2419745287693
3 35 55.91124814686551
3 36 31.682137223911173
3 37 92.367196749161
3 38 74.97603639226297
3 39 85.69782300694457
3 40 57.20386733276865
3 41 32.08320949951873
3 42 70.45440464163224
3 43 54.299935216543176
3 44 74.01905200158426
3 45 43.087547443704636
3 46 29.586724963560542
3 47 23.515604494860128
3 48 90.96199889381873
3 49 95.31652999425754
3 50 49.68420704003754
3 51 72.31922576711561
3 52 39.53062843678011
3 53 31.1805262023465
3 54 49.17567278238337
3 55 45.417385309693444
3 56 73.40617514903926
3 57 75.04456454421828
3 58 77.29950201811782
3 59 76.70543301512396
3 60 97.84915194144888
3 61 49.808215340051504
3 62 75.45747566768246
3 63 34.33679149880235
3 64 68.94418325438605
3 65 76.29560855545044
3 66 40.94275449833675
3 67 79.89375821831955
3 68 71.52802861706692
3 69 40.942025802926345
4 5 49.26765694839346
4 6 24.862706652959552
4 7 38.082789438944495
4 8 48.23919731755752
4 9 24.30833776108548
4 10 99.95736454415426
4 11 31.69922003940713
4 12 93.97345729435636
4 13 67.40544971167708
4 14 79.14673507256698
4 15 83.96284722964644
4 16 40.821258633279484
4 17 70.36658121948653
4 18 36.310358558306895
4 19 92.27759820475302
4 20 48.56057938930228
4 21 27.615803310424845
4 22 68.38531606770255
4 23 86.45764561745099
4 24 29.81892959943787
4 25 23.98128245617528
4 26 31.27954915702861
4 27 42.45055546120816
4 28 44.01924906220156
4 29 79.26541991867691
4 30 20.472535026695475
4 31 26.71255196194644
4 32 34.96378545986086
4 33 27.486391158258783
4 34 75.1224333993211
4 35 90.99034754326708
4 36 49.64808523314417
4 37 61.455801021282255
4 38 65.24484966775817
4 39 23.403361720929723
4 40 95.61296669446509
4 41 98.32936641042508
4 42 92.29821558590623
4 43 34.56989122232577
4 44 37.491839157976095
4 45 42.60675139795937
4 46 96.319859975247
4 47 44.909446977591045
4 48 52.8647956709016
4 49 48.282144867642415
4 50 23.208759038064066
4 51 45.240037539616644
4 52 79.20052708396847
4 53 42.452243374135506
4 54 84.49571743237055
4 55 37.3592432991384
4 56 49.64027822805243
4 57 89.94086714767616
4 58 28.143192154131242
4 59 58.960526505123745
4 60 60.58310495176833
4 61 86.02833782339503
4 62 23.453657568153396
4 63 23.612785016177007
4 64 21.74230942822937
4 65 74.3818628082669
4 66 69.24425278594165
4 67 65.06952092590674
4 68 27.582079669969744
4 69 21.562048969551597
5 6 35.94665711475105
5 7 35.77757351071441
5 8 80.57148586829689
5 9 53.20956476094361
5 10 57.96699132401184
5 11 94.6937288922358
5 12 25.229572304293704
5 13 69.53942015650135
5 14 43.66144191287418
5 15 71.5624985770342
5 16 83.52758714399712
5 17 23.727199239678853
5 18 27.540534706368398
5 19 87.27636101703811
5 20 26.348524990965867
5 21 35.47036991166267
5 22 94.9346656677045
5 23 78.69951604898951
5 24 53.59326574547366
5 25 92.08968433285452
5 26 70.85317569468008
5 27 97.43208140515219
5 28 70.62841822032017
5 29 28.50496051383354
5 30 54.6576512143153
5 31 38.6040868014011
5 32 43.66208507407809
5 33 25.935230488260814
5 34 29.49379882889864
5 35 59.40856788365564
5 36 94.78716554454239
5 37 47.14169427692313
5 38 26.52178400605105
5 39 31.493750788141224
5 40 88.11803883813627
5 41 97.93889350718779
5 42 25.807082574614533
5 43 29.89533657495184
5 44 22.80889410317009
5 45 70.14740624220212
5 46 74.85723548769644
5 47 95.28046155402906
5 48 21.16407010410341
5 49 28.937928001998934
5 50 90.56641716082598
5 51 49.321222260822694
5 52 51.91453551947408
5 53 35.47834475710605
5 54 99.04544957887981
5 55 54.26941912109355
5 56 56.86730295088851
5 57 73.57604416514363
5 58 22.36856638206926
5 59 94.54217807992349
5 60 32.75692072128593
5 61 54.761588552154834
5 62 67.82089779442697
5 63 72.36093532140639
5 64 24.354376631064348
5 65 33.25851121218595
5 66 67.59348912171113
5 67 87.33150795101945
5 68 71.9300468231358
5 69 85.34367950705703
6 7 28.33358334067129
6 8 96.95488596283056
6 9 40.103578620149925
6 10 52.42905563429241
6 11 69.25104232404328
6 12 64.77763573699143
6 13 73.45390001064911
6 14 94.61389052704918
6 15 80.02968716746136
6 16 57.73579899053826
6 17 89.15005493297181
6 18 56.20112526871977
6 19 32.274077804991926
6 20 30.416136568203864
6 21 66.51869477779107
6 22 25.44221735938983
6 23 29.731105794174944
6 24 76.2287304632281
6 25 85.49570405939944
6 26 78.96014634444313
6 27 94.89254734320727
6 28 99.12200322506095
6 29 69.72839110805327
6 30 71.165752507031
6 31 61.37505549654841
6 32 31.99525713777045
6 33 60.03641301415462
6 34 52.017258444482344
6 35 31.956348833174843
6 36 24.981555091037187
6 37 85.6454127978175
6 38 97.47389277979539
6 39 74.0073137726504
6 40 61.80244058748649
6 41 21.454756709427993
6 42 84.48442661141938
6 43 39.45944887156335
6 44 35.81476481796257
6 45 58.490269850916484
6 46 36.92562104453094
6 47 24.214282144674478
6 48 48.79388855658081
6 49 70.70749121667126
6 50 51.59138009143872
6 51 89.88909240702979
6 52 52.29559559014406
6 53 97.68383483697306
6 54 92.41027393262254
6 55 67.28469572806492
6 56 35.229603640983925
6 57 52.19616214890489
6 58 53.16441031824568
6 59 87.85572888099894
6 60 87.6320480963958
6 61 37.44662174523245
6 62 44.92756788438794
6 63 59.47841325687093
6 64 52.22002231065969
6 65 98.39358083695272
6 66 84.55721091724347
6 67 70.97915617635817
6 68 77.04444565374544
6 69 54.348666515014294
7 8 56.69427064485213
7 9 45.17182347430228
7 10 22.991613413400465
7 11 20.504666568083376
7 12 50.06249911107905
7 13 38.91654285560755
7 14 22.277142842555726
7 15 31.496135411331238
7 16 36.02488320099985
7 17 57.51290222090198
7 18 72.44047078353768
7 19 86.24785212621254
7 20 34.65113224451093
7 21 26.48196388145746
7 22 57.812486250050014
7 23 72.4375159660461
7 24 57.76244721811462
7 25 50.09995339450646
7 26 66.42109178912905
7 27 84.81957012728527
7 28 34.03321041645935
7 29 40.96776648976322
7 30 42.68197986710193
7 31 75.57280802401323
7 32 89.85404124103317
7 33 56.73679860737781
7 34 70.06953761590611
7 35 61.78117261671876
7 36 87.20622833431199
7 37 96.06882407663527
7 38 90.37840604493883
7 39 31.95125968885356
7 40 71.95203630959898
7 41 39.06880919653528
7 42 73.11150365681144
7 43 45.306378202712665
7 44 23.80104557203948
7 45 52.33684907154212
7 46 98.28141725626188
7 47 54.16310741818104
7 48 52.70305583230218
7 49 83.80926903924038
7 50 33.68762088426189
7 51 32.64524750737106
7 52 54.864851763522324
7 53 63.84507564227746
7 54 72.65542202175595
7 55 28.146008010687396
7 56 86.30273311082364
7 57 39.29128671123165
7 58 28.947996814360614
7 59 79.43288693466204
7 60 40.48509301940818
7 61 96.23857266344092
7 62 89.07377839786166
7 63 86.51938352642615
7 64 39.26294628834785
7 65 71.56239610819043
7 66 65.92838257760707
7 67 25.622033258989283
7 68 63.065534083549124
7 69 85.01393258234849
8 9 47.218474145112744
8 10 34.49956908601695
8 11 28.478185114464026
8 12 66.3144023629944
8 13 91.97957682872345
8 14 27.689015403172633
8 15 89.94161222797133
8 16 69.79312144394613
8 17 30.298775990536456
8 18 59.680333988171924
8 19 80.36223604431356
8 20 31.910183789379005
8 21 44.40219583161912
8 22 59.301869176659366
8 23 27.972040913977033
8 24 53.72499314264901
8 25 24.967583412963812
8 26 93.85293221315774
8 27 66.88701419742773
8 28 87.51116190520798
8 29 26.762503632663304
8 30 60.03184960678017
8 31 42.97401260608837
8 32 98.29843144523073
8 33 56.106334378706144
8 34 74.76476946335404
8 35 20.4809776127233
8 36 47.23698490498221
8 37 51.666499075030536
8 38 20.031853245797187
8 39 34.486873338764006
8 40 86.69738627385223
8 41 54.33125107314642
8 42 73.43653649697366
8 43 86.86056686362345
8 44 42.74332507545381
8 45 33.663952592366535
8 46 44.61683019874249
8 47 33.336554569226216
8 48 31.342930937787827
8 49 31.167476494847346
8 50 62.39564194622077
8 51 70.82683077847463
8 52 38.14410742353442
8 53 43.94555877329768
8 54 20.256457543655753
8 55 86.60495010246117
8 56 75.0178466807804
8 57 44.6882313612096
8 58 55.96086524407678
8 59 72.92006080026817
8 60 28.85736208621312
8 61 70.9336769112543
8 62 46.294836780481454
8 63 89.22467997304078
8 64 47.32326774242586
8 65 70.95299836140671
8 66 96.18187074014885
8 67 86.48154201685992
8 68 46.67204400182836
8 69 75.39655092182659
9 10 49.80105236591412
9 11 36.866287948386464
9 12 23.838840542881705
9 13 65.60011668802028
9 14 88.71759231835894
9 15 86.80592470141488
9 16 50.17424490481996
9 17 98.4341309635634
9 18 56.84007668735355
9 19 48.186570161388204
9 20 69.74917334360443
9 21 65.99828749200363
9 22 73.69091900275588
9 23 35.65594979294973
9 24 52.556785692605644
9 25 26.166042405215215
9 26 58.3214099483891
9 27 54.614259837085086
9 28 68.94434203451685
9 29 26.859184002662264
9 30 99.82751502287799
9 31 96.22443240091621
9 32 76.88591239504441
9 33 61.66034428645703
9 34 83.30402530112052
9 35 91.9203677815479
9 36 68.85558418959924
9 37 60.10319911585518
9 38 54.232488350974194
9 39 62.54445072069952
9 40 58.18346427310238
9 41 78.94929327365958
9 42 20.967703315031603
9 43 84.48112823637311
9 44 21.084656899104395
9 45 89.88158389441283
9 46 84.82059697061797
9 47 50.07029827366946
9 48 98.59791870819026
9 49 96.15107748427971
9 50 66.90344534716189
9 51 48.22841165566851
9 52 88.09843497280171
9 53 22.88948540586987
9 54 73.090882817707
9 55 70.99992272835436
9 56 74.43995383622948
9 57 51.801917480362654
9 58 94.44272803129061
9 59 35.38002046961534
9 60 65.30600345448937
9 61 99.8806499157955
9 62 61.270251494766626
9 63 44.923474372629485
9 64 24.633458274885555
9 65 76.12318110730618
9 66 97.59925026821878
9 67 49.42840256588017
9 68 31.977201875696064
9 69 91.55777744536572
10 11 85.42110082336029
10 12 65.67169206304428
10 13 68.98437804184852
10 14 80.06916744574212
10 15 49.46545989923091
10 16 55.16754107317725
10 17 28.309429085190708
10 18 29.324120720499458
10 19 89.25008467025802
10 20 73.48763791314167
10 21 80.96779172533606
10 22 53.84596899121773
10 23 58.993250426708414
10 24 35.76368352034216
10 25 57.50717111712427
10 26 65.8582153569836
10 27 50.081169173114134
10 28 84.50586488463964
10 29 32.107663312483716
10 30 99.38622541446887
10 31 42.77299265372429
10 32 95.48141475004823
10 33 35.67771921308071
10 34 71.99913998733996
10 35 60.246285807687514
10 36 74.93853958923393
10 37 40.0756147205749
10 38 25.35077604102545
10 39 94.59609811587376
10 40 38.64680577058313
10 41 88.6527836653566
10 42 84.14652179792103
10 43 82.24813934540691
10 44 28.5372074466229
10 45 86.34112733237866
10 46 59.50154592138177
10 47 44.28159255306259
10 48 83.98721931709412
10 49 75.26084900551172
10 50 91.98735662177198
10 51 65.33030719624996
10 52 25.314342419732956
10 53 87.75144368544093
10 54 92.65017338930436
10 55 30.89382082984023
10 56 28.571974787158556
10 57 53.95494620058418
10 58 81.13288644845673
10 59 39.96634743163213
10 60 35.12817993149275
10 61 83.71315342052142
10 62 65.24066172753393
10 63 51.30117276389078
10 64 27.973157152649133
10 65 55.60347148069427
10 66 57.80837018258171
10 67 23.081063930586147
10 68 26.61659445118305
10 69 25.539421999665393
11 12 52.75684060261859
11 13 30.1874371970207
11 14 38.44195326899264
11 15 42.33539618257049
11 16 52.714480784547966
11 17 33.861496066983406
11 18 25.742230729852693
11 19 75.85327441047566
11 20 46.29924106284123
11 21 42.41545429192249
11 22 98.54546156819583
11 23 52.810033576138416
11 24 95.20749505465383
11 25 67.31894931869225
11 26 75.48419727085172
11 27 31.689449232520932
11 28 64.70108773543772
11 29 20.06444533510173
11 30 92.10864976368117
11 31 96.5475191489497
11 32 58.13230141470338
11 33 89.57522612365088
11 34 49.40205160279119
11 35 51.47231846659735
11 36 62.569442258725694
11 37 52.15988450688941
11 38 98.77740602520524
11 39 59.80998305375777
11 40 50.60553315684102
11 41 75.41092171640474
11 42 46.93814213761742
11 43 97.40521335198403
11 44 50.2471486164579
11 45 80.72230867497184
11 46 90.2853227609417
11 47 60.24297680537594
11 48 39.51122805500504
11 49 64.89246141624676
11 50 29.85768616957315
11 51 92.08294290930705
11 52 41.59714337084008
11 53 88.13106675045161
11 54 27.14672065609742
11 55 39.16697439037254
11 56 87.58471598412838
11 57 46.835231744773424
11 58 92.03417939229854
11 59 68.9389658833814
11 60 96.62172803437122
11 61 39.15572719726124
11 62 74.65361255931718
11 63 89.87730527500247
11 64 45.939832159958165
11 65 48.79194847742913
11 66 87.30356504952536
11 67 20.14932549763011
11 68 65.89098334962694
11 69 75.0131056788589
12 13 44.71465800009266
12 14 65.32233907426217
12 15 70.76289833794576
12 16 79.20973739963236
12 17 60.822645792486966
12 18 98.38021525762115
12 19 84.79766717254843
12 20 63.445551287656336
12 21 97.38836200113072
12 22 98.55454836316471
12 23 55.59229626314974
12 24 99.69350843278734
12 25 76.514984289157
12 26 80.9133944386606
12 27 48.90630351081938
12 28 99.4870798971281
12 29 80.15377493371577
12 30 37.39824544014319
12 31 55.29475678551992
12 32 22.865336538352707
12 33 56.194286634829275
12 34 97.5085562891204
12 35 61.823280354160815
12 36 23.863068841285564
12 37 40.25421423820849
12 38 98.51039196188121
12 39 97.1906965884179
12 40 79.69419576238742
12 41 59.22055271171091
12 42 57.361138554704574
12 43 90.89576318923955
12 44 78.58308081037922
12 45 53.5949468263394
12 46 20.5705082833601
12 47 99.87978943869297
12 48 47.003749391872205
12 49 30.908526211735055
12 50 77.56394756076153
12 51 58.72645269373619
12 52 81.30298699000778
12 53 85.7805815636569
12 54 27.12669605223968
12 55 56.31628524954461
12 56 42.3849257126882
12 57 72.61908211314915
12 58 44.12927964475685
12 59 87.10013349286294
12 60 69.12424176794977
12 61 94.23594463121334
12 62 77.22560848446932
12 63 63.751986635405935
12 64 43.42730678099556
12 65 55.01224500503955
12 66 42.692605357395095
12 67 51.30513274693222
12 68 67.15143496148886
12 69 91.32410488960002
13 14 88.02508149558744
13 15 31.589859490588807
13 16 46.812164496710935
13 17 25.301098520443404
13 18 22.167144760265487
13 19 37.63474863828105
13 20 51.30547357308625
13 21 28.755463961631406
13 22 65.64256106687749
13 23 35.83002430880172
13 24 21.95121698492028
13 25 35.15240364705461
13 26 22.973501113671404
13 27 52.54942748347698
13 28 50.99059756488562
13 29 59.0670660024443
13 30 29.364856380206827
13 31 22.387232797854224
13 32 38.91871975770806
13 33 53.29512278028366
13 34 23.417173689078385
13 35 75.68981041672541
13 36 36.290420106878976
13 37 65.0869918052399
13 38 69.45784617559413
13 39 88.16124560706459
13 40 54.4664365102244
13 41 25.862042121001252
13 42 45.85214540024672
13 43 30.142073716538835
13 44 76.0496228390376
13 45 53.28643549022817
13 46 97.55900839130962
13 47 98.21985606328107
13 48 23.38326667106001
13 49 35.322522239307986
13 50 88.95160938210564
13 51 77.85768611569381
13 52 32.83459353653687
13 53 75.26763206978764
13 54 65.6992440016152
13 55 84.1838906072428
13 56 49.5688597241907
13 57 20.181560340426074
13 58 39.70163873604469
13 59 42.43143938076021
13 60 23.35791349758095
13 61 54.816365274604635
13 62 74.33271912350233
13 63 46.496854311893365
13 64 85.73218947617603
13 65 70.6994579007818
13 66 86.80809455223239
13 67 59.35711186141297
13 68 64.23933446573199
13 69 72.07725910564122
14 15 59.638424569280595
14 16 27.536132510201732
14 17 87.35406762196047
14 18 93.51105085491497
14 19 43.13782185051207
14 20 71.98829797540068
14 21 22.960216611274245
14 22 59.59459351783921
14 23 73.66874411171125
14 24 42.59416158528194
14 25 48.926684515523846
14 26 51.80111888571358
14 27 37.54392729466092
14 28 54.54127705111645
14 29 93.56041285328052
14 30 99.48157930606783
14 31 32.35736030126358
14 32 95.07983145923771
14 33 85.00611813201157
14 34 89.01177141217303
14 35 86.51841404840455
14 36 33.032294191065304
14 37 62.49479016204009
14 38 43.54056027164009
14 39 29.24692611424673
14 40 45.85009664300294
14 41 45.339992611823625
14 42 59.23429609347001
14 43 54.848010137251954
14 44 98.24743707065986
14 45 26.466540237181235
14 46 85.37592829796073
14 47 86.36800118506633
14 48 27.154571749299407
14 49 76.12329003758673
14 50 71.75224258710023
14 51 55.81164917250228
14 52 21.563183936823158
14 53 80.15858670794006
14 54 86.8361086308364
14 55 44.0876887663586
14 56 85.96795966430089
14 57 80.32635209078066
14 58 29.5858154956166
14 59 82.65159577041769
14 60 61.58121941590175
14 61 38.981494687699026
14 62 56.3036353185802
14 63 93.01319001368347
14 64 90.08194825172343
14 65 93.48645367999735
14 66 25.16683241480319
14 67 39.361880696881
14 68 64.4206478284799
14 69 39.97505074633226
15 16 60.71885525565878
15 17 20.61652581489109
15 18 29.208984926090558
15 19 92.65791967589003
15 20 79.7871031553477
15 21 59.118986626018916
15 22 74.23772754917863
15 23 44.987656030508056
15 24 38.02016880990324
15 25 74.83041760365833
15 26 75.91285464802303
15 27 53.7066610940774
15 28 79.99833175610691
15 29 53.35954746828846
15 30 75.23850759202685
15 31 88.50868929408735
15 32 55.43105545818825
15 33 47.68805982696974
15 34 56.001202862400504
15 35 24.001190484124102
15 36 61.3124292967262
15 37 42.58000484821921
15 38 63.67898989294265
15 39 54.316182615574746
15 40 44.414609594088965
15 41 87.56110793878693
15 42 49.176609453945055
15 43 65.87709418901368
15 44 43.65982669488962
15 45 34.21626485401451
15 46 55.422985866584355
15 47 98.57976440477026
15 48 57.95235880039205
15 49 88.9485123946084
15 50 59.359888929245486
15 51 45.327916849775
15 52 47.46235460247749
15 53 95.60042541672583
15 54 29.69593267030648
15 55 97.42099813369352
15 56 37.27962224755801
15 57 62.73581399134589
15 58 46.67014472621094
15 59 52.95475332568784
15 60 98.87783729365255
15 61 51.212749511308374
15 62 22.43783835490273
15 63 94.80940769249437
15 64 29.077205088255553
15 65 64.27765541386006
15 66 69.41052294272424
15 67 36.167031946347734
15 68 73.44548366345737
15 69 88.05521880623162
16 17 37.30462674128283
16 18 80.03633377120418
16 19 84.53700909491931
16 20 36.30586218794286
16 21 92.29493453969093
16 22 90.2488249085728
16 23 39.516051009281306
16 24 34.01417946031941
16 25 96.64711698497916
16 26 37.412904117903494
16 27 44.442598973954105
16 28 68.74048366157314
16 29 66.83296715634938
16 30 75.46169728420746
16 31 67.54723965753155
16 32 54.73877863167506
16 33 88.33231829515489
16 34 33.49123644610928
16 35 51.32384900963166
16 36 77.38080992552673
16 37 44.90018748851568
16 38 27.43129546692458
16 39 38.80309475318426
16 40 48.354805737380566
16 41 24.28126264623537
16 42 77.23171254398143
16 43 66.1215866136699
16 44 99.55210558483914
16 45 42.49447510707536
16 46 21.380161542773006
16 47 38.06849901231906
16 48 45.88009040208717
16 49 22.17102679458005
16 50 62.31998470986707
16 51 54.138550564325286
16 52 98.06455482899159
16 53 74.46450855315986
16 54 71.36076152897394
16 55 68.12842748259996
16 56 92.13048731546188
16 57 72.22793651363138
16 58 74.06320452531176
16 59 98.0825744004255
16 60 33.64385551403869
16 61 35.767850541225386
16 62 44.568333510016814
16 63 72.08748098370393
16 64 41.425173775424476
16 65 31.850108640038552
16 66 86.89049059670495
16 67 84.2766867670782
16 68 48.224762884708156
16 69 58.03122323143927
17 18 27.861290982563823
17 19 93.67260677068722
17 20 54.87015656526001
17 21 81.4966476570797
17 22 26.16366233659628
17 23 92.90071954846289
17 24 25.37543722907035
17 25 40.711678453538326
17 26 22.07809713395351
17 27 58.605726475967764
17 28 73.24034563384585
17 29 99.25734041627723
17 30 23.975356012639047
17 31 55.48973526395626
17 32 86.70162863449178
17 33 50.7959507746
17 34 70.98809627214723
17 35 63.20662851238191
17 36 98.27266607288543
17 37 40.14907238320692
17 38 41.82460806765295
17 39 27.435801607392705
17 40 64.29632506576655
17 41 80.77980299077589
17 42 32.5667443471546
17 43 84.79476802440631
17 44 95.16542330870423
17 45 69.0120737828579
17 46 47.568242501666155
17 47 78.79171352927693
17 48 99.21402097835137
17 49 50.22640636520875
17 50 33.01593886324302
17 51 46.55954559298245
17 52 84.43053839135368
17 53 99.08213853501886
17 54 92.98037541779507
17 55 82.1871445274057
17 56 21.348424069203862
17 57 99.83009126158508
17 58 34.85967700584403
17 59 75.25751647116601
17 60 52.9531787848181
17 61 52.98196425243383
17 62 72.76317452196425
17 63 41.407176827536425
17 64 20.83450253320324
17 65 46.42741734071912
17 66 60.50789286963272
17 67 69.54679816857038
17 68 98.13814575716064
17 69 33.89137296984564
18 19 55.52415266092701
18 20 77.64063488005553
18 21 71.05982509513255
18 22 41.35606618022276
18 23 64.75409670281849
18 24 89.77444889581992
18 25 60.372395598581704
18 26 86.89495687867017
18 27 40.9376355909359
18 28 56.058670314359404
18 29 27.896996912318244
18 30 43.30050557637894
18 31 47.66415934029263
18 32 38.33121776530406
18 33 56.34187679759811
18 34 28.263614497146445
18 35 95.21528280562259
18 36 55.27298632836386
18 37 60.23260580292026
18 38 54.34453330953167
18 39 49.59951941670827
18 40 34.02430617954563
18 41 41.929432841102
18 42 33.815874448026776
18 43 84.72232645917936
18 44 92.28419633348724
18 45 94.83753878319791
18 46 85.5169372401872
18 47 76.35167862735744
18 48 74.03845564652033
18 49 66.23568264475131
18 50 35.39802003025745
18 51 53.616876365284234
18 52 62.84076725365029
18 53 31.600990078498246
18 54 84.7518155886161
18 55 87.93977439706495
18 56 96.25640930502887
18 57 70.91543993051854
18 58 83.10550139968115
18 59 91.99464631842852
18 60 35.964114117341445
18 61 79.9216906679915
18 62 98.28472173673372
18 63 99.22961124853111
18 64 82.096521229297
18 65 39.32994936480037
18 66 50.666216671642474
18 67 63.212844675874386
18 68 73.54019569084171
18 69 47.31641412697335
19 20 66.95832953488913
19 21 57.06800504745644
19 22 60.069835671772076
19 23 92.81687094781134
19 24 66.0695315319172
19 25 84.62162810595393
19 26 88.47345291727001
19 27 45.833372584150204
19 28 27.898860743257945
19 29 88.4199088142755
19 30 96.6773130923145
19 31 75.34590550769889
19 32 79.50527802260163
19 33 34.51594177588141
19 34 49.00872000732251
19 35 93.51024778043411
19 36 66.95637781208552
19 37 91.02460498344412
19 38 43.200622189196594
19 39 30.51220000006311
19 40 53.31287109435949
19 41 28.81088048568192
19 42 40.47055829142954
19 43 67.37714225502
19 44 94.54476050974347
19 45 57.41668148138805
19 46 25.59127851680911
19 47 48.312808229316964
19 48 97.52905297839527
19 49 71.4583662976426
19 50 52.19540791019212
19 51 61.27866419145171
19 52 32.05283220030425
19 53 99.98802555350059
19 54 69.2393131993935
19 55 25.558356085337763
19 56 94.70151766371993
19 57 45.43687037868495
19 58 67.96957877539732
19 59 54.47903183062378
19 60 26.17678531100621
19 61 88.25057139413585
19 62 40.055755007082084
19 63 54.546828075976975
19 64 35.60535511323625
19 65 82.49789254383856
19 66 45.845901745288884
19 67 51.61262720513335
19 68 63.151737614593145
19 69 31.74806527711351
20 21 58.43428598583509
20 22 22.83521931477648
20 23 48.19701091227587
20 24 47.6147617559376
20 25 98.71355079749912
20 26 66.70769937091025
20 27 50.35763893591306
20 28 87.57972151208986
20 29 54.460028841878014
20 30 88.697707081737
20 31 94.72513492769768
20 32 82.42166756757446
20 33 46.533736499502226
20 34 55.966073574229085
20 35 92.47835644152283
20 36 62.46036743790863
20 37 92.07477708716618
20 38 71.00212364304699
20 39 76.7036573705517
20 40 96.46385726521538
20 41 77.87072347216069
20 42 98.87814288269875
20 43 41.35894465964234
20 44 63.32783706932976
20 45 25.50778293278894
20 46 59.7201371370091
20 47 93.44882233635757
20 48 89.24546454905806
20 49 38.97352279637367
20 50 74.99632780804222
20 51 68.42094221078128
20 52 31.279824075451536
20 53 47.70371046719484
20 54 22.24961912219454
20 55 60.745014419676565
20 56 39.004605990404286
20 57 65.60815827917112
20 58 98.44216691211759
20 59 42.1910455965229
20 60 87.12472349044195
20 61 96.07387706417393
20 62 60.458120362844674
20 63 95.2777085353739
20 64 89.31745406695558
20 65 55.40653329614177
20 66 22.72648016484756
20 67 82.41259458924645
20 68 87.1049126115425
20 69 74.92211252719557
21 22 98.50221443136522
21 23 41.46123419720566
21 24 48.31765338594535
21 25 83.16548071392683
21 26 34.50223488790841
21 27 61.346582515747116
21 28 55.25451395473732
21 29 49.450820085664596
21 30 49.71683222497215
21 31 65.385428962492
21 32 74.29930352543545
21 33 69.38703358398246
21 34 62.7264036172206
21 35 36.72962760235282
21 36 22.944738776338465
21 37 81.93290192306483
21 38 66.8763777936926
21 39 56.05456496387701
21 40 97.48121533585106
21 41 67.20438553678508
21 42 75.03008864804556
21 43 88.1864240867697
21 44 93.17005526943288
21 45 60.72019245470523
21 46 34.50370661501621
21 47 63.90027327125895
21 48 41.78266414938574
21 49 76.7491231152983
21 50 66.28578879846603
21 51 95.77699502675901
21 52 80.10019603695456
21 53 34.02937483774753
21 54 23.343662469083625
21 55 52.91744320487527
21 56 95.16530105244179
21 57 74.79539348416154
21 58 64.00732405172496
21 59 97.88822075920903
21 60 51.52792365542613
21 61 67.0697511665776
21 62 93.16970292284671
21 63 58.64351809948118
21 64 33.624102625869
21 65 84.19132394341075
21 66 56.07556950191955
21 67 25.3142811263399
21 68 44.757618145258895
21 69 75.30233092172722
22 23 78.27435803982225
22 24 32.39542890422388
22 25 41.32496906207418
22 26 26.469368464633707
22 27 95.6125903883346
22 28 62.536216138732776
22 29 33.16123077185381
22 30 59.28274813113554
22 31 74.26396430489403
22 32 89.94942761282567
22 33 94.43682141025167
22 34 92.29147317014146
22 35 24.53042675532357
22 36 50.420022215066325
22 37 44.10698929532632
22 38 76.32619853709474
22 39 65.73298048404482
22 40 83.13468160627323
22 41 43.408859681187224
22 42 85.06272043412405
22 43 43.42326185365998
22 44 20.99258091522744
22 45 26.69184077120443
22 46 40.35235738324034
22 47 82.47857835409421
22 48 97.50342786532688
22 49 65.84915753831427
22 50 33.61940323957903
22 51 72.31892780204043
22 52 44.22757740203166
22 53 56.89701103326544
22 54 80.83589513521287
22 55 81.89678074644654
22 56 73.17490726306846
22 57 39.111620925445216
22 58 65.03970696175455
22 59 70.07957696135163
22 60 70.82640745981045
22 61 28.044138750918943
22 62 57.37103927730122
22 63 91.72411404188631
22 64 23.812876134584194
22 65 96.33292435997777
22 66 82.72787623365997
22 67 22.289385505459308
22 68 98.3589153158558
22 69 91.51351899924664
23 24 79.80112040352759
23 25 79.82040571171444
23 26 61.84314757387643
23 27 80.59358831950692
23 28 40.537385675820516
23 29 37.831544152696054
23 30 28.005097156543528
23 31 46.014559344981265
23 32 51.544164111271925
23 33 95.70946641275802
23 34 86.95054052302685
23 35 57.79537405096262
23 36 76.84626982978763
23 37 49.02574284290479
23 38 56.484658314769725
23 39 84.59684274923752
23 40 71.02811892468225
23 41 76.52809071826765
23 42 27.23922815511406
23 43 74.23586104288907
23 44 39.580490426896645
23 45 92.97183137172613
23 46 98.88659541945606
23 47 35.07068425007151
23 48 73.17356421369252
23 49 96.22682458597968
23 50 55.89195569007481
23 51 40.4058365763096
23 52 59.2068664560875
23 53 98.80841799026778
23 54 76.00008738199162
23 55 64.33308512162749
23 56 66.85687057823706
23 57 60.476510737168766
23 58 38.098023819719884
23 59 74.58771355599242
23 60 94.95146317461932
23 61 56.02974607103246
23 62 67.48053507572524
23 63 64.69170645328111
23 64 94.05750429781291
23 65 46.0731141949162
23 66 22.491006522358
23 67 86.81127605789621
23 68 48.08646622871518
23 69 22.106819616022378
24 25 21.024026120193593
24 26 62.5245407874977
24 27 42.46694096694819
24 28 31.068696066492567
24 29 31.5955872963072
24 30 46.96398718618009
24 31 23.396064092674695
24 32 90.4979359639202
24 33 38.449666135576344
24 34 27.805004265209394
24 35 22.922526476424856
24 36 82.70884164894834
24 37 22.66611789245056
24 38 42.633677657229995
24 39 20.576731724417527
24 40 30.22515130982451
24 41 26.942683403650864
24 42 33.28210727012209
24 43 27.45855366893003
24 44 39.61288794631344
24 45 33.728623951948805
24 46 48.3479009419841
24 47 32.540407305688774
24 48 49.879876622744476
24 49 50.32032353395163
24 50 53.82670766255931
24 51 83.16777942016984
24 52 64.63542411879239
24 53 23.805908056865228
24 54 47.56738239919748
24 55 48.07908817164542
24 56 49.85601529602526
24 57 96.33762325064127
24 58 44.250988562085276
24 59 72.40996519557476
24 60 99.82155171836136
24 61 30.485234526763083
24 62 50.1045386475794
24 63 45.980247327006296
24 64 31.674009299509123
24 65 86.77720417656337
24 66 29.629007626726356
24 67 84.68643223572595
24 68 78.99433347566554
24 69 27.987870201515
25 26 30.498236589208183
25 27 91.5631004027923
25 28 53.453940560302485
25 29 99.89404609522207
25 30 26.155500115320063
25 31 93.47979336812996
25 32 70.20367732441517
25 33 88.84398845421953
25 34 50.2976689522285
25 35 84.1274614794314
25 36 90.14070060291363
25 37 90.16510910641703
25 38 50.955001777974466
25 39 62.58611675266809
25 40 43.109627724900974
25 41 31.909249256692263
25 42 48.08047833895101
25 43 99.866395950157
25 44 77.35243810668118
25 45 85.27448655131391
25 46 50.010630218390986
25 47 38.34997712027728
25 48 26.62576857464339
25 49 95.58807751460292
25 50 36.2333884824616
25 51 70.9625389144578
25 52 84.6095471730138
25 53 61.612448127545186
25 54 45.90504858915544
25 55 77.59488048481364
25 56 48.477082393749754
25 57 77.10882114684986
25 58 66.7441293234229
25 59 43.52052648611525
25 60 78.08541563848586
25 61 52.32509724428251
25 62 37.70186336064946
25 63 55.09500932356232
25 64 88.92970669811496
25 65 58.04552053464722
25 66 69.49492701922024
25 67 99.36644762958034
25 68 69.24472013900898
25 69 92.40851689664572
26 27 55.22564533082558
26 28 57.662004186459384
26 29 66.23567089061237
26 30 47.31788740134291
26 31 67.06258005370384
26 32 76.71559499701699
26 33 55.66771886254996
26 34 25.964215150713017
26 35 35.48546165181935
26 36 66.1837457757205
26 37 98.52970565526402
26 38 94.41253275155967
26 39 92.14164204044573
26 40 33.93609929520796
26 41 44.1542181311476
26 42 75.19278616579025
26 43 73.8494449204795
26 44 49.247695488252944
26 45 88.77464146977482
26 46 90.0235996907393
26 47 85.89173497137821
26 48 98.55330724810914
26 49 80.5946070645394
26 50 63.014847221479265
26 51 46.84677423154338
26 52 39.89280565816439
26 53 33.66697766698869
26 54 37.712477326158115
26 55 36.65617582067833
26 56 61.04579136658832
26 57 38.6939916643988
26 58 63.69709917443237
26 59 82.74682963843787
26 60 26.650506862594234
26 61 74.0239020772406
26 62 94.13644932406626
26 63 63.073425158770775
26 64 86.46185695455375
26 65 94.57699935707902
26 66 39.472858679109315
26 67 88.8514180689651
26 68 27.319275500627988
26 69 94.92982532011297
27 28 95.64752366750571
27 29 94.37252437609878
27 30 68.52397952996303
27 31 73.30014761696455
27 32 30.371688427269092
27 33 37.6964835393556
27 34 32.89825967284142
27 35 94.6133384308125
27 36 45.636911266138675
27 37 72.4628100201609
27 38 80.0681179511899
27 39 36.45656326957437
27 40 94.40409136854039
27 41 53.96636124409863
27 42 75.84955041234461
27 43 35.943127364366674
27 44 94.26706753516223
27 45 74.89699488825208
27 46 41.046750419847754
27 47 34.503271743438724
27 48 56.61572554299689
27 49 30.82862539811864
27 50 43.766711000530776
27 51 97.4232250143616
27 52 41.26257688894078
27 53 81.53760265825788
27 54 57.26646897489588
27 55 23.685112339917893
27 56 64.61271317865416
27 57 98.38297874611993
27 58 42.34415081897879
27 59 39.50187496477696
27 60 34.320528746161365
27 61 69.42739828889277
27 62 96.34740943751252
27 63 58.78095672989627
27 64 76.45264318574773
27 65 51.42155254126369
27 66 75.73414192772702
27 67 75.66576008399343
27 68 80.14038170609291
27 69 64.96649073193296
28 29 32.96245933934803
28 30 56.376372353676246
28 31 28.28894520566272
28 32 61.699922444255975
28 33 25.66643484038042
28 34 79.11792459748872
28 35 23.71317163977448
28 36 46.324723741954806
28 37 59.406276091787475
28 38 72.48545114505977
28 39 29.02668597524178
28 40 49.31766233342438
28 41 33.80983489663106
28 42 89.7750181523718
28 43 78.12591571751237
28 44 50.66585152684059
28 45 40.992126728937265
28 46 56.4850118034752
28 47 57.65018309513075
28 48 48.97747793419289
28 49 37.05123863025789
28 50 85.9856647994736
28 51 89.2988027520007
28 52 69.6862761268541
28 53 63.163582392058764
28 54 80.2459812284645
28 55 25.262154360640785
28 56 92.02810582390387
28 57 41.69132527986634
28 58 66.92243214880051
28 59 75.71441248215862
28 60 21.099982491811772
28 61 98.70940038508395
28 62 81.76808012434955
28 63 36.29549064388289
28 64 31.149659998566868
28 65 44.32230590431776
28 66 38.089632998121694
28 67 88.33938729560374
28 68 50.82737984437624
28 69 41.17912814156114
29 30 20.18120989998014
29 31 67.878720123054
29 32 82.93830756119362
29 33 98.37787718784605
29 34 26.281300413641517
29 35 42.53495468713673
29 36 40.67964457040992
29 37 99.293088840139
29 38 20.843772070662556
29 39 77.74853143296993
29 40 83.5470367436831
29 41 59.57623833436675
29 42 42.41009322655465
29 43 35.911332043705116
29 44 65.09765611458688
29 45 98.3770613799509
29 46 59.060774120627464
29 47 27.814464314429912
29 48 33.29302661522408
29 49 29.834603996219727
29 50 34.86352712453594
29 51 40.7278232287856
29 52 93.08016182493395
29 53 51.002448052179965
29 54 42.331788172053095
29 55 37.99601529282788
29 56 79.81250313415836
29 57 80.16846421792962
29 58 94.77342586719476
29 59 87.68961151444428
29 60 55.986338422578335
29 61 61.024817608583334
29 62 25.762275621689206
29 63 52.96042285307494
29 64 21.49934735639605
29 65 25.0961694438342
29 66 89.21425816679537
29 67 78.0145227841711
29 68 81.20359855637766
29 69 57.9381381470553
30 31 93.28913052675966
30 32 27.87728734375169
30 33 53.12602156607397
30 34 25.816244489020576
30 35 67.08922108237226
30 36 34.0149032429801
30 37 82.20085482124574
30 38 91.32826210878545
30 39 26.429895357422446
30 40 20.980372164776597
30 41 20.27912143212142
30 42 97.71636706487006
30 43 99.47040429865284
30 44 25.69423085943751
30 45 72.09530913302635
30 46 42.559210106590555
30 47 96.533957844607
30 48 24.37975236345992
30 49 81.50510757809926
30 50 52.138405745985295
30 51 95.67453917504787
30 52 87.85771174816523
30 53 50.731519759467
30 54 52.075296528507934
30 55 82.64705187921041
30 56 44.1586027496978
30 57 51.079659708111656
30 58 48.774530846798385
30 59 58.58305594065514
30 60 28.53952708527901
30 61 45.995757467014116
30 62 33.89326766442653
30 63 75.46189141916764
30 64 48.00672754582423
30 65 66.35830064109209
30 66 41.12479328420413
30 67 55.4926900331207
30 68 61.226381298744386
30 69 79.07072581559835
31 32 79.57651745905258
31 33 91.24395499192114
31 34 70.19878691203328
31 35 78.10228083376556
31 36 80.55005563649823
31 37 46.10902837321349
31 38 39.16810559329611
31 39 35.503964706651715
31 40 39.26186457050732
31 41 52.09847783108561
31 42 42.08130442653346
31 43 98.04975412179766
31 44 97.83015053868327
31 45 43.75958715764636
31 46 65.84304458517093
31 47 26.93981002090883
31 48 21.001369236996883
31 49 89.42085764795861
31 50 33.18568489744039
31 51 85.74560754516456
31 52 59.35574615093533
31 53 63.396147402914764
31 54 85.17312974641241
31 55 96.71139462328165
31 56 22.986867567196043
31 57 34.15617022515282
31 58 44.44158461208036
31 59 78.78457001842116
31 60 98.83545019071914
31 61 29.295709665390348
31 62 62.61773349864539
31 63 52.68054577463885
31 64 24.976588100176844
31 65 83.85058008114301
31 66 70.61815930271557
31 67 50.43737305668681
31 68 88.8961352442396
31 69 44.437455157387916
32 33 35.93263439128982
32 34 26.078718389642486
32 35 89.49705712784369
32 36 99.07315496307993
32 37 70.3326054643386
32 38 83.39449833417663
32 39 92.9224433469849
32 40 75.80756391740337
32 41 53.07428522892471
32 42 97.27914576459779
32 43 80.01713992672784
32 44 42.40741004747713
32 45 70.36967906950876
32 46 27.039664398663863
32 47 39.03761011373866
32 48 40.90196468762837
32 49 77.88711946128029
32 50 75.95767711931741
32 51 97.65630301320768
32 52 84.30946029010789
32 53 33.58325226622404
32 54 51.988624186655976
32 55 48.065770051561074
32 56 51.86744424995912
32 57 20.87413832417928
32 58 23.061488676306922
32 59 77.57102744517557
32 60 75.45977771819693
32 61 87.55234032408578
32 62 39.98840215523143
32 63 77.09614234610999
32 64 52.80569777641907
32 65 55.40469565441747
32 66 65.69699877345624
32 67 22.28047558507371
32 68 53.93310155666899
32 69 66.92149706681198
33 34 77.19361527262842
33 35 89.62086571071814
33 36 43.43621244680601
33 37 61.04281841825619
33 38 94.71784130801385
33 39 65.93208346730381
33 40 58.241322049938084
33 41 49.203560788152025
33 42 52.20998064269759
33 43 36.538206355244
33 44 76.1158036332087
33 45 66.53358072919161
33 46 63.10985875062764
33 47 62.91309678145953
33 48 58.23248331235313
33 49 47.05736476841702
33 50 47.312546528289154
33 51 36.028981485073146
33 52 20.48958821953591
33 53 34.76132214251941
33 54 49.12757145610542
33 55 34.78363663595963
33 56 37.60042745510668
33 57 22.051980066146946
33 58 55.88071664559453
33 59 43.28924644038005
33 60 96.44498098187027
33 61 90.0288978376676
33 62 79.0735176159568
33 63 94.06988150025097
33 64 90.22789015648976
33 65 91.02458257134062
33 66 93.53773371085119
33 67 69.19354643062792
33 68 71.45603408724432
33 69 49.031425107414066
34 35 38.90433042094044
34 36 30.074860412580485
34 37 47.08448477346637
34 38 29.43705658758475
34 39 82.46297510402982
34 40 30.422114954547588
34 41 52.05062442929237
34 42 59.34621485683171
34 43 37.247728155257136
34 44 77.74981734700336
34 45 46.967298368949876
34 46 77.38262322393639
34 47 84.2950966989763
34 48 85.44368324907323
34 49 21.053202024298344
34 50 33.388280478405
34 51 57.01737260266932
34 52 25.065613309291884
34 53 46.55416830580877
34 54 81.89315303714886
34 55 49.02166989316019
34 56 46.4756771020899
34 57 73.50139910713251
34 58 84.45704401475587
34 59 30.12378592557628
34 60 38.16581852012912
34 61 71.30252540232624
34 62 95.53546542027101
34 63 24.578032675374153
34 64 58.03177795541761
34 65 91.53665089963471
34 66 64.91330416132169
34 67 90.81376432943782
34 68 21.279186278007813
34 69 34.290710954707286
35 36 94.63456867965265
35 37 28.674347977054495
35 38 94.86206509817629
35 39 90.46783666176553
35 40 82.22071658833838
35 41 60.54014270727352
35 42 89.08663728694034
35 43 29.69927218056001
35 44 46.65518435666583
35 45 20.962106052731116
35 46 67.7691636916687
35 47 36.22344999377245
35 48 71.93509186577944
35 49 40.09515388671217
35 50 45.82394402301063
35 51 67.27344288764733
35 52 74.88179155893809
35 53 30.10976839019599
35 54 29.453965383022435
35 55 46.264157716496335
35 56 26.66177531526519
35 57 72.59428343368263
35 58 25.03297975143444
35 59 83.63990971986487
35 60 30.110645112658077
35 61 49.77575239536919
35 62 88.99256148155926
35 63 75.12047037279717
35 64 97.57235448114815
35 65 81.4999827638249
35 66 98.22274694323316
35 67 42.114988358470036
35 68 49.63131616678585
35 69 36.31513830060055
36 37 95.05897064910887
36 38 84.97905934786112
36 39 43.47522500969242
36 40 78.72154584680888
36 41 71.9256389900853
36 42 60.45400404152975
36 43 32.01333752366392
36 44 76.40784038122789
36 45 58.98354937959479
36 46 72.28448993440992
36 47 76.12741170952927
36 48 51.93754553304547
36 49 32.020621958723424
36 50 80.97928291875272
36 51 24.613711541068575
36 52 49.60711886368597
36 53 42.858679199791794
36 54 34.830316897659834
36 55 91.2358353325981
36 56 24.56237227058847
36 57 53.49067487586382
36 58 28.587438365804587
36 59 92.78226867766246
36 60 97.16178546854779
36 61 29.647727217510827
36 62 21.370361673877724
36 63 50.86086803381483
36 64 49.57485764627451
36 65 24.15689296058118
36 66 50.684433161176656
36 67 86.06149960462479
36 68 67.83761769361422
36 69 46.868309258897995
37 38 68.84704671990035
37 39 97.29746320109254
37 40 61.54637406119743
37 41 52.04034060725435
37 42 85.6451780422397
37 43 91.26895072418567
37 44 46.739673129604725
37 45 90.1504441077266
37 46 71.89616048526224
37 47 60.74389347543647
37 48 36.15190229372941
37 49 91.27626043605912
37 50 78.83537334075534
37 51 56.602327578320164
37 52 40.50323711812101
37 53 92.84758635238455
37 54 22.490866537611602
37 55 96.02452059924187
37 56 98.26433132649933
37 57 60.92437378753573
37 58 68.53867779965297
37 59 66.86242126827649
37 60 65.46973901171698
37 61 21.101131848572958
37 62 78.72460151182167
37 63 90.38702748124604
37 64 30.881309019760643
37 65 60.860346005397126
37 66 97.06633535747453
37 67 70.78653099061435
37 68 95.00628637943902
37 69 44.877817462317
38 39 73.27146988781665
38 40 74.77411530800808
38 41 98.22238655004561
38 42 84.80378721712182
38 43 95.73669850176043
38 44 72.94033861800679
38 45 96.37782042144865
38 46 39.37648006241537
38 47 98.73885191294211
38 48 72.80212271254109
38 49 40.60999213772689
38 50 80.82719769818421
38 51 66.70860840120153
38 52 96.02344964918403
38 53 68.83036512120424
38 54 89.8657083115368
38 55 50.99110017960247
38 56 21.257803746424848
38 57 73.60015394059039
38 58 39.06750438106985
38 59 25.261969385508543
38 60 23.654343326456235
38 61 78.49286863427935
38 62 59.96872754775615
38 63 65.63509746537002
38 64 88.29389194720952
38 65 77.11655356668004
38 66 54.0886741108457
38 67 32.55349966312043
38 68 93.84820023144249
38 69 28.203347978201883
39 40 92.99112832264355
39 41 21.689587085050917
39 42 79.30259155865795
39 43 42.26281374175294
39 44 57.80450713446268
39 45 83.53394205360394
39 46 67.20352928262761
39 47 69.01493009422914
39 48 99.0130439189422
39 49 46.22871797121735
39 50 93.63942086995809
39 51 60.852193409814454
39 52 21.88465383379694
39 53 34.72458122624052
39 54 38.32761047807945
39 55 87.13603043219833
39 56 34.47668296098787
39 57 39.61356261881249
39 58 95.11716407112071
39 59 21.617772776482642
39 60 84.08625468049601
39 61 64.81829982525097
39 62 52.37425670893206
39 63 73.36001461992801
39 64 40.255501783106766
39 65 73.4613047026468
39 66 77.74175402017002
39 67 59.13672725117094
39 68 65.22209913573076
39 69 83.3932101532644
40 41 56.07610447187868
40 42 97.2032534613413
40 43 66.58317579875879
40 44 95.49176669605508
40 45 61.54848708795407
40 46 75.85293579925964
40 47 32.31702598293939
40 48 86.67607609041723
40 49 36.959044260592854
40 50 38.536100680140095
40 51 93.77794191977696
40 52 28.827613964341204
40 53 68.13146836851377
40 54 71.51470572277913
40 55 88.08230576543363
40 56 85.24572505023411
40 57 62.353474257853534
40 58 34.47866558282142
40 59 62.958571848239345
40 60 22.59343709670855
40 61 91.39583165436238
40 62 63.02658188913278
40 63 25.581921519332063
40 64 66.04403718055202
40 65 53.366899508351054
40 66 80.92367718152514
40 67 33.38509779241829
40 68 65.45359155082451
40 69 41.93063355924622
41 42 85.74080442242699
41 43 46.08002905144991
41 44 31.851789529844766
41 45 43.623087475199455
41 46 97.05369116985014
41 47 98.47432042580299
41 48 40.66444739008742
41 49 56.95703629017872
41 50 33.56116202714021
41 51 31.75393903188656
41 52 71.20405125454205
41 53 42.80108145504285
41 54 71.2746680891438
41 55 31.324624384392123
41 56 90.9555282100031
41 57 63.11459034900234
41 58 98.40623490992657
41 59 35.26936984056416
41 60 70.57467193427264
41 61 97.8477731081473
41 62 79.42614026660148
41 63 61.00102304956526
41 64 95.90049135073981
41 65 89.04784128849657
41 66 98.29210530836554
41 67 36.53012090360427
41 68 59.06090072327664
41 69 61.018202002518585
42 43 37.771219763973754
42 44 22.546391206517463
42 45 75.95428792269112
42 46 87.95842713709911
42 47 72.64134554828266
42 48 42.224039030283585
42 49 30.743393473423986
42 50 57.219975777828004
42 51 76.74908440986779
42 52 34.614466184493054
42 53 43.69223765993403
42 54 61.05487707914958
42 55 21.567669466522634
42 56 46.25088118498984
42 57 54.288045669784914
42 58 22.544156628834394
42 59 92.29700266589407
42 60 44.12639911010061
42 61 21.14994882678247
42 62 97.35798655512869
42 63 24.33533731739572
42 64 75.5000664963078
42 65 65.6288592643409
42 66 65.30432429941179
42 67 45.55946854158785
42 68 59.437677937874625
42 69 86.83584415344173
43 44 45.96845227351536
43 45 63.59310625616033
43 46 93.44935656141249
43 47 43.96208255275194
43 48 76.4981472208873
43 49 44.67902506212199
43 50 86.98051359749083
43 51 72.42543354336237
43 52 90.24615238212131
43 53 89.68643027645659
43 54 58.03811898525778
43 55 24.824864469301424
43 56 80.01231956251911
43 57 34.89538724315993
43 58 32.6788545262794
43 59 66.44455617146896
43 60 32.33049073513533
43 61 70.03209215627577
43 62 20.634302347516638
43 63 24.549040962238884
43 64 42.082313057107555
43 65 33.4954135380183
43 66 60.23213818873822
43 67 80.98521856648055
43 68 33.66598634615574
43 69 91.04832540208352
44 45 38.77261791115963
44 46 37.4797477416594
44 47 64.24368749054949
44 48 64.84346803013678
44 49 60.9768661382538
44 50 69.49841598410549
44 51 38.263337717306754
44 52 28.422624511727292
44 53 91.91337015294421
44 54 96.5168483332472
44 55 35.34672382383225
44 56 81.66636486687183
44 57 72.1787694457727
44 58 24.36937935686906
44 59 71.48092833729842
44 60 23.371791598120524
44 61 69.35992667038964
44 62 63.759704721862946
44 63 40.55052596001567
44 64 72.93526128864028
44 65 81.43684909837529
44 66 72.07014123888284
44 67 35.326045508473214
44 68 93.38942392813358
44 69 26.715637122965408
45 46 60.45616716202498
45 47 38.37718614109916
45 48 79.27313672754573
45 49 21.56475395080255
45 50 28.102683819984023
45 51 88.6208822985217
45 52 84.3497032557485
45 53 99.80024860209095
45 54 69.4880332043437
45 55 79.99979145480333
45 56 67.81495528899269
45 57 96.40868288365694
45 58 96.03788539625259
45 59 45.26424753560531
45 60 74.86705292669845
45 61 44.87648734614693
45 62 36.389944017187226
45 63 79.4899072112155
45 64 76.12831020769265
45 65 79.5410556310679
45 66 81.68239756560826
45 67 30.730437637813274
45 68 46.38487655764307
45 69 31.181442969319882
46 47 91.96202557302519
46 48 63.23176594422924
46 49 83.56672422790905
46 50 59.09743370179073
46 51 87.11911597057923
46 52 59.61167393400676
46 53 90.95478746867195
46 54 43.884418300902624
46 55 23.97328415863604
46 56 72.35108190621986
46 57 95.30178658775381
46 58 42.3984644927086
46 59 45.47513568174911
46 60 98.02256726910252
46 61 29.275811257483806
46 62 86.23293220170011
46 63 45.22111159915637
46 64 43.577059482605236
46 65 79.20817298041212
46 66 82.1287626278748
46 67 74.64131233096685
46 68 48.026501748264614
46 69 94.45618654992128
47 48 59.450185828429824
47 49 86.14646648051004
47 50 82.40161316867875
47 51 48.71413249329876
47 52 69.2539072193111
47 53 42.09771642349202
47 54 38.059749603158664
47 55 53.4750472154784
47 56 49.66551172837139
47 57 49.31944042403421
47 58 84.5728752051179
47 59 84.78096230841777
47 60 65.74449347580799
47 61 86.8761128755247
47 62 99.9272544967795
47 63 45.147805318813205
47 64 85.49295998875752
47 65 20.306539294338542
47 66 44.3817952303271
47 67 70.95638245318133
47 68 69.79863149901729
47 69 58.77310747539917
48 49 56.02686832960883
48 50 92.21110924781148
48 51 25.546322168722966
48 52 89.62445936649095
48 53 95.30831869412337
48 54 59.94043374682829
48 55 51.33336920952288
48 56 54.1388998659238
48 57 22.879283949364073
48 58 68.11780020524183
48 59 61.174615597954954
48 60 77.80483098307454
48 61 32.997265272540176
48 62 83.9934388921596
48 63 78.59891704685616
48 64 62.897587863440435
48 65 23.16906934402948
48 66 57.49620260339807
48 67 86.10437222395291
48 68 45.14501903712649
48 69 21.518287665739983
49 50 58.32608707189163
49 51 62.88309784185302
49 52 54.82731605965295
49 53 70.09457618212181
49 54 64.86542731188149
49 55 73.60056796496183
49 56 39.08371698334509
49 57 32.40047141921192
49 58 39.44727760783742
49 59 44.1994987482382
49 60 42.69456581057847
49 61 53.29241263516473
49 62 47.23221883565199
49 63 74.98473388388116
49 64 44.54913620534877
49 65 29.189107258879954
49 66 45.65263292227203
49 67 64.17834354522313
49 68 66.647694851027
49 69 89.91626074025984
50 51 97.54834346092206
50 52 53.40926327332619
50 53 93.31604897853228
50 54 26.312136829099373
50 55 88.70935928663174
50 56 51.949445372307636
50 57 97.68572358958399
50 58 57.86118646236005
50 59 75.34533735038818
50 60 33.31125803264769
50 61 93.08047027727706
50 62 54.37482824239972
50 63 85.57714516998033
50 64 87.62857857326347
50 65 81.57253345259156
50 66 68.46545090775051
50 67 20.308065641193906
50 68 46.65773898091932
50 69 64.2197180014611
51 52 79.70789100293118
51 53 81.23159358038288
51 54 75.3223202481538
51 55 22.52619375521477
51 56 84.4833238889555
51 57 52.516803310897444
51 58 86.99414829495184
51 59 89.77316015998025
51 60 65.38378667328672
51 61 22.85559328969302
51 62 25.076792221995046
51 63 57.17354773070773
51 64 99.69700420556201
51 65 41.6471733717611
51 66 68.01542807800276
51 67 24.565849520954323
51 68 40.94138910718229
51 69 75.8382198820228
52 53 40.07928031799838
52 54 28.953154217623542
52 55 62.883848518990604
52 56 20.290000311515747
52 57 27.60271679253261
52 58 92.16619928710948
52 59 39.67076012722287
52 60 68.73577468409465
52 61 75.54488227285351
52 62 98.24659346791091
52 63 85.79905274816551
52 64 60.1906270522543
52 65 23.18030382419277
52 66 79.95467521590666
52 67 54.055488992120644
52 68 71.52343298398205
52 69 60.963143392321165
53 54 32.25209460673213
53 55 83.66942282902619
53 56 35.85301335247053
53 57 74.95233466724198
53 58 42.65493946051183
53 59 52.105105948174995
53 60 75.10069252801699
53 61 31.479499820520445
53 62 27.05427676697985
53 63 95.64272314672749
53 64 98.67636347422473
53 65 76.45317644325158
53 66 26.950163957596914
53 67 38.46972459257306
53 68 61.43852605885237
53 69 48.589602065229876
54 55 71.21976378913385
54 56 85.22956714892416
54 57 79.90748673069956
54 58 85.92493404882052
54 59 28.67603639681011
54 60 81.16914830514402
54 61 53.201803149330544
54 62 42.76812014361437
54 63 56.51532503661719
54 64 34.88184822458109
54 65 88.40051888372929
54 66 76.57427969162582
54 67 96.78377984341019
54 68 99.67451165510711
54 69 40.10958380655087
55 56 66.32063434289732
55 57 62.47786166419875
55 58 62.6315586764312
55 59 95.34323479240084
55 60 26.063557922512402
55 61 22.740925304982582
55 62 83.10230959977969
55 63 55.89757331261964
55 64 48.35082917742408
55 65 88.62035764704348
55 66 74.30724268874928
55 67 51.10381303436736
55 68 91.02842705452622
55 69 49.516828936915715
56 57 81.35524253759367
56 58 31.499993635562742
56 59 47.021480763668194
56 60 53.9109673041455
56 61 43.81931887159632
56 62 76.58897521163058
56 63 26.65060092122203
56 64 77.52589122089915
56 65 52.08635369858089
56 66 36.88705882769703
56 67 51.08346505148588
56 68 59.032285894660006
56 69 81.09146915913162
57 58 70.72373389043581
57 59 23.223080338127133
57 60 38.21417070411468
57 61 50.94604599965409
57 62 34.32609257694564
57 63 22.083102490438343
57 64 58.61667285754176
57 65 24.017235730867704
57 66 58.10585961444015
57 67 32.09955639005908
57 68 24.224233570454892
57 69 61.04813855201168
58 59 66.16846812494106
58 60 52.725620346535
58 61 71.82100846365867
58 62 30.600063300400507
58 63 63.60831572028146
58 64 39.30516357391595
58 65 90.90008944186499
58 66 72.90232697646678
58 67 33.8248096177223
58 68 49.323459822578215
58 69 75.517818642842
59 60 85.61210637689246
59 61 43.73134349534255
59 62 23.086531855977526
59 63 77.45067764867358
59 64 28.596068589052443
59 65 72.70441093017143
59 66 83.7662205680127
59 67 31.203157243099024
59 68 91.66977467232056
59 69 27.436837345263232
60 61 85.58146608287383
60 62 75.92227634221473
60 63 77.33328463681602
60 64 59.23253980524522
60 65 50.09437575877314
60 66 95.7935820535117
60 67 36.80256208819501
60 68 38.65870002431009
60 69 59.857983641888595
61 62 22.944408160965367
61 63 82.72443589423585
61 64 52.4749348400713
61 65 46.761639579487664
61 66 22.8333278468384
61 67 92.04301444138625
61 68 50.90364335999297
61 69 29.419979903507986
62 63 56.51739666248336
62 64 83.52086523252093
62 65 92.55310902413142
62 66 49.760883127468986
62 67 75.18971957512282
62 68 79.50584452288186
62 69 58.751009403593876
63 64 84.00798371751317
63 65 52.630869882900306
63 66 28.946248112024875
63 67 45.97144216143272
63 68 96.19559174097455
63 69 40.408766558413646
64 65 71.998967261924
64 66 47.51082799975105
64 67 92.93856877768457
64 68 94.95811181561922
64 69 58.4314076489879
65 66 53.25407182300509
65 67 77.84738100377879
65 68 25.155198931658642
65 69 87.9033257365897
66 67 38.168305217184376
66 68 24.91580589478889
66 69 58.47515816391925
67 68 62.94420542708886
67 69 91.38469147914815
68 69 74.40912640599637
