65 2080
0 1 60.01572879305782
0 2 79.04496476047774
0 3 72.32828334816953
0 4 30.2905630272501
0 5 26.54846369232974
0 6 41.44232168212369
0 7 58.61992364392143
0 8 24.52601117362064
0 9 44.176097634621534
0 10 88.33165403657559
0 11 95.26347340213812
0 12 63.382118612393896
0 13 69.50400545760661
0 14 98.9005823837125
0 15 74.18035486836015
0 16 42.87277929578578
0 17 90.84509491450395
0 18 85.06448766461016
0 19 61.00428809808193
0 20 78.39401835264059
0 21 81.43715084478086
0 22 72.49703045753544
0 23 45.95016588291018
0 24 76.44880962823052
0 25 40.96168984821372
0 26 91.8155228690388
0 27 26.469352659241856
0 28 26.716748247840147
0 29 73.45752344069378
0 30 59.96770491995565
0 31 54.9658076812123
0 32 59.30535950279592
0 33 34.73837771466756
0 34 46.704023324838026
0 35 51.07877257677032
0 36 50.55858113873206
0 37 98.79198100459038
0 38 85.28963947361859
0 39 73.98882640592537
0 40 46.06398889094234
0 41 39.98074479961482
0 42 37.05480179343194
0 43 44.259655303040645
0 44 44.07095720114371
0 45 43.045093808989215
0 46 45.4805656294122
0 47 35.148943022960395
0 48 34.44001405517853
0 49 96.61984426690684
0 50 41.15427749289137
0 51 74.45272000260651
0 52 32.18918442842536
0 53 33.20531966413292
0 54 22.007588405632255
0 55 72.47064748062365
0 56 57.95036949989516
0 57 63.517474107801426
0 58 50.528951446386536
0 59 74.27248010552863
0 60 77.89660997982064
0 61 77.22463669108237
0 62 97.22584718132549
0 63 97.66450491839214
0 64 52.61542295796072
1 2 62.776078125898174
1 3 41.06047365288457
1 4 76.46836570066571
1 5 66.72249014907419
1 6 47.9035516334367
1 7 56.523413415937995
1 8 24.19106257967508
1 9 82.17206444339207
1 10 59.22051536231464
1 11 75.74540022267229
1 12 28.55185951525055
1 13 44.997511403182884
1 14 42.68573935195239
1 15 40.03600665757343
1 16 83.78702021278829
1 17 42.77239327750537
1 18 86.82476372807297
1 19 77.8993236749269
1 20 87.9791597018682
1 21 63.81287090220069
1 22 21.40368400275775
1 23 49.34422662088343
1 24 71.89170588521391
1 25 80.43458893400599
1 26 78.34542032392433
1 27 69.28295999165323
1 28 61.81745686951552
1 29 23.816292267436037
1 30 68.24949242613593
1 31 62.78643428937845
1 32 60.62700418895693
1 33 66.96003834160072
1 34 47.68439687876387
1 35 39.5237327394187
1 36 37.539067779565926
1 37 36.49094975163608
1 38 54.95336007131537
1 39 48.228156777241864
1 40 87.28014699101976
1 41 71.59698476293065
1 42 89.66099389615928
1 43 36.18358191329489
1 44 56.01232325180146
1 45 45.854622729049204
1 46 36.17808075036821
1 47 31.639783185601633
1 48 72.34422751835626
1 49 95.7872245893554
1 50 83.35922785410686
1 51 65.20897298370363
1 52 46.726518038436176
1 53 96.27787843757847
1 54 63.91009895780481
1 55 88.26784237152637
1 56 91.85518961042395
1 57 30.76380008062614
1 58 21.001070089590613
1 59 70.80163071899042
1 60 61.9404448565852
1 61 63.704623054567115
1 62 43.652045332554735
1 63 93.9060412196802
1 64 87.25425050157436
2 3 50.546734987305456
2 4 25.453462712832504
2 5 82.34658340748753
2 6 81.78752937254862
2 7 68.0986354833115
2 8 85.72477960732272
2 9 82.0572985352143
2 10 32.1976864390808
2 11 20.147307871869238
2 12 76.46928776906842
2 13 29.433694440235854
2 14 80.67699681573374
2 15 21.182372899258716
2 16 22.7816310217953
2 17 50.61592864871989
2 18 78.68480918313165
2 19 62.75115433541143
2 20 43.03511797024668
2 21 78.73557485729012
2 22 56.538706012319835
2 23 43.04142747579245
2 24 70.76225543755419
2 25 30.009544984802325
2 26 52.44870172631244
2 27 48.546384726300325
2 28 73.84424313790508
2 29 42.96345691997697
2 30 73.73004471733385
2 31 73.14080532214639
2 32 93.89257436438902
2 33 51.16917299704605
2 34 64.61381258390591
2 35 26.992912169302656
2 36 71.96508233069943
2 37 58.56945648425186
2 38 85.38654074626287
2 39 54.93628410459051
2 40 31.15723271292074
2 41 82.5610669642997
2 42 25.13324415986153
2 43 48.88198142315481
2 44 82.41008403172077
2 45 46.20105711224673
2 46 56.5986939618092
2 47 49.422758958916575
2 48 52.99892362584728
2 49 88.87334018078509
2 50 60.18222626770025
2 51 34.8825488757684
2 52 43.079471660122664
2 53 98.01547291274838
2 54 66.48107354253341
2 55 85.3063430488593
2 56 26.48481098999752
2 57 69.70027694929252
2 58 64.14440413913046
2 59 37.41770755468374
2 60 63.665517225916275
2 61 52.06896497792915
2 62 59.931427432882
2 63 60.39933897905712
2 64 99.52393476176782
3 4 93.49963945326544
3 5 82.39143012447443
3 6 32.03011281710077
3 7 41.84160238962936
3 8 45.07457041589471
3 9 49.82740803533191
3 10 44.10172627108261
3 11 39.806949713039266
3 12 94.97685535922896
3 13 73.17192776735723
3 14 41.17620002666606
3 15 37.531473789436745
3 16 92.92875475152843
3 17 58.430540384049365
3 18 97.5345832659618
3 19 46.134769361435744
3 20 79.3555764900446
3 21 84.38290728734884
3 22 42.254865809396264
3 23 84.45483562396737
3 24 50.33496993172478
3 25 23.506889606763856
3 26 91.06034084084213
3 27 49.92193219147282
3 28 25.402695491388833
3 29 52.669600272732154
3 30 65.31031623491694
3 31 75.69111871131304
3 32 38.54199743619104
3 33 84.61625475882524
3 34 90.50819644882549
3 35 64.44894763882262
3 36 41.76962845712279
3 37 21.88106429838833
3 38 40.520334098422
3 39 96.49627063704035
3 40 94.63984869756817
3 41 35.20068670215069
3 42 38.84455877071063
3 43 50.275536360859554
3 44 73.78134969172416
3 45 85.83964714269166
3 46 60.79986650013514
3 47 56.94650638951175
3 48 52.65993415452549
3 49 51.168440356588306
3 50 51.71104179471698
3 51 40.15244680578546
3 52 58.06322359371404
3 53 96.80641731902958
3 54 80.69885494324028
3 55 86.37024885713275
3 56 66.69398931221252
3 57 27.14938533790213
3 58 90.89397468388286
3 59 84.71897243041421
3 60 92.14974611966265
3 61 33.10309537439381
3 62 39.19400528387396
3 63 72.37051591621949
3 64 63.35637567082213
4 5 27.178693834909026
4 6 43.79456561980483
4 7 90.3499320252342
4 8 97.42259300539091
4 9 54.968484234319746
4 10 92.89803841630271
4 11 33.11691742038519
4 12 69.36098742528053
4 13 98.9846719242015
4 14 48.627858150621364
4 15 94.42852966896447
4 16 46.51446277610071
4 17 97.53542349086759
4 18 71.19350668834905
4 19 23.44645889938283
4 20 35.812060556472936
4 21 98.05672695623629
4 22 98.86632443268988
4 23 49.31793776679156
4 24 44.45594507174222
4 25 44.60825706790355
4 26 50.26007953840919
4 27 50.220157008600694
4 28 94.91439039566401
4 29 42.5659614065792
4 30 98.18007177347967
4 31 46.25795795442766
4 32 44.227224477584826
4 33 38.04489433959582
4 34 85.95876247521882
4 35 40.99018296967402
4 36 64.21140980102194
4 37 50.533105793238775
4 38 68.91962666344463
4 39 71.53285425642086
4 40 42.10743855483518
4 41 85.85099972061843
4 42 63.80930496532136
4 43 99.74808032640638
4 44 86.43571567947585
4 45 87.33177513990998
4 46 71.50460155993929
4 47 59.692970754165586
4 48 37.07183408081649
4 49 51.789238937179725
4 50 76.62487282980206
4 51 24.07048660226603
4 52 41.76866672468998
4 53 26.84324952891877
4 54 26.70395922059866
4 55 43.64665176896882
4 56 86.66119526532198
4 57 39.49031185536992
4 58 55.0969991704508
4 59 33.08122532104454
4 60 52.741632178283815
4 61 33.88077208551692
4 62 33.93329391653935
4 63 93.03821051545755
4 64 74.67493108395378
5 6 90.71625419524966
5 7 83.96332387110132
5 8 30.244313163530528
5 9 29.31454916269238
5 10 78.69977475125157
5 11 33.57214081323376
5 12 47.284354048977804
5 13 55.33692431301209
5 14 45.37955419130591
5 15 92.02785160544208
5 16 46.12867111409795
5 17 79.2312237314097
5 18 31.62719120688413
5 19 53.660402492984325
5 20 41.25541379865485
5 21 46.19521633820516
5 22 60.659223672811386
5 23 78.47235647238074
5 24 70.08045070710403
5 25 36.73662236348288
5 26 66.60583946854639
5 27 68.54199507116994
5 28 88.56925559543632
5 29 43.92697877602945
5 30 34.67520001637094
5 31 37.32177200959931
5 32 92.32139631978842
5 33 27.137651981469453
5 34 25.347475585783013
5 35 73.66509822143462
5 36 49.92660078142438
5 37 60.06121579518993
5 38 72.75642446021072
5 39 65.11458325278933
5 40 92.43263082155337
5 41 63.673976594855745
5 42 89.11547654747739
5 43 70.32139604417844
5 44 46.263831992177714
5 45 84.32755480838546
5 46 56.21227804306401
5 47 86.57778310972462
5 48 55.71908764257506
5 49 86.20463449700004
5 50 33.19176267923297
5 51 31.988817722419284
5 52 37.57661568590375
5 53 25.89034450884086
5 54 94.39660438357387
5 55 42.41441975616517
5 56 28.30324592557978
5 57 85.55267101508404
5 58 91.26547713606827
5 59 62.28257842902988
5 60 70.06351161804552
5 61 62.45949791335096
5 62 99.10277582944846
5 63 57.077635729725166
5 64 96.38169294244148
6 7 76.3524246831731
6 8 85.21707167305405
6 9 57.65607010908299
6 10 37.88886007514948
6 11 62.17258591504197
6 12 59.06218808290171
6 13 66.72036950140307
6 14 38.522466176431166
6 15 57.54110900183386
6 16 52.882358778313375
6 17 70.13060245892464
6 18 63.26502862269082
6 19 74.95648385267297
6 20 28.707372376651445
6 21 86.59205032918405
6 22 54.82477128448223
6 23 38.9579826366085
6 24 29.24719573639421
6 25 33.16719268139349
6 26 91.52034932377106
6 27 92.25640087381828
6 28 38.587897460648215
6 29 43.3881201631023
6 30 58.59032403611529
6 31 87.91738706585586
6 32 34.220863283658474
6 33 89.6333490638485
6 34 86.99403692160347
6 35 31.795770483272285
6 36 91.42740268140282
6 37 46.843311194050216
6 38 72.15613237518447
6 39 38.15399890750683
6 40 57.91743685851137
6 41 68.34737343530486
6 42 50.060568155001434
6 43 68.69986616315752
6 44 92.3837271917928
6 45 71.24207039655658
6 46 44.69372000419534
6 47 43.27042547820348
6 48 30.63903261087825
6 49 71.09101013775557
6 50 87.45702025162251
6 51 72.7631156339454
6 52 32.95157333071053
6 53 86.63816958809072
6 54 95.61515333051827
6 55 41.267624240363425
6 56 98.57088014454982
6 57 88.25108235682717
6 58 48.42582622918289
6 59 66.20909999962748
6 60 21.645781971401867
6 61 55.24087674285178
6 62 77.83867933687105
6 63 93.62483659770001
6 64 21.46385979559076
7 8 40.967742355611215
7 9 71.24258819299887
7 10 69.91938923610547
7 11 57.12326326443816
7 12 43.600149169063336
7 13 83.20970096660217
7 14 95.72316067630508
7 15 27.66815845980122
7 16 97.32146969291169
7 17 81.99871193896979
7 18 54.673956033389324
7 19 59.61430900856597
7 20 62.6706486724407
7 21 90.4294051164179
7 22 21.352115160236735
7 23 62.17566003580416
7 24 32.74574363731386
7 25 73.08475937869612
7 26 96.26161913524454
7 27 42.2660766562924
7 28 49.39316969244139
7 29 78.88693456903677
7 30 94.04505494872849
7 31 87.46495733052313
7 32 69.24518913458888
7 33 72.22224476226714
7 34 96.85724842302538
7 35 80.37379490473455
7 36 56.67748100941205
7 37 46.455438196897624
7 38 24.434622932657078
7 39 69.05605623793993
7 40 46.231432592626255
7 41 74.12992099999637
7 42 37.42045993801795
7 43 33.00581276797256
7 44 93.41822694057771
7 45 85.66858894769335
7 46 77.44962247143773
7 47 95.95872078781707
7 48 47.727438979520954
7 49 85.2567388334907
7 50 60.48848551727776
7 51 50.64056931379942
7 52 61.048274822203126
7 53 49.07345676093879
7 54 81.88797151299823
7 55 48.35849112834465
7 56 53.16766353016504
7 57 90.42174667059778
7 58 87.47531033603909
7 59 92.35068205630984
7 60 40.6553014688058
7 61 52.67790395166773
7 62 23.83002824638058
7 63 23.144453869513733
7 64 67.81184651808887
8 9 51.86376607862117
8 10 46.54391204774917
8 11 40.17568523948633
8 12 95.23475412263727
8 13 37.62797329920118
8 14 54.691321396931365
8 15 93.16132959526057
8 16 58.51550718490215
8 17 56.500108510289806
8 18 34.45078621907068
8 19 46.89827782068822
8 20 20.14712514503418
8 21 43.668380013744695
8 22 98.28760907990454
8 23 49.862347275088766
8 24 83.77512735180423
8 25 85.56709879861704
8 26 70.86486498406151
8 27 40.70108048453246
8 28 41.972765286237994
8 29 80.66705497773711
8 30 67.04320004418994
8 31 20.42797382054493
8 32 63.103753334082256
8 33 23.50193914857943
8 34 33.537484147438605
8 35 82.6828260319648
8 36 97.31225444598296
8 37 84.11873536969617
8 38 92.5358277459027
8 39 30.593174222641835
8 40 91.1546374923192
8 41 86.35507189233365
8 42 27.937236480303504
8 43 86.41921549300095
8 44 55.81646406209404
8 45 43.546586217421535
8 46 50.01394958664104
8 47 24.08846869861767
8 48 52.47300051949027
8 49 50.22421749247194
8 50 80.02198457145889
8 51 63.99751913545106
8 52 98.20029398718374
8 53 58.312072795072226
8 54 95.97562899673589
8 55 82.87985351624633
8 56 68.9287896270909
8 57 99.31093433555975
8 58 71.89957883269906
8 59 80.98305474553659
8 60 96.48588828383863
8 61 45.8303112259955
8 62 60.36085194973579
8 63 75.88009799170572
8 64 71.89345871138428
9 10 90.11817165211474
9 11 97.18535906710879
9 12 32.4515222433394
9 13 65.25014595402419
9 14 43.8741153920682
9 15 47.93430662859212
9 16 92.68367060716953
9 17 46.90259589544013
9 18 84.08464438500349
9 19 34.58542375939548
9 20 62.72703213621293
9 21 68.2952286856725
9 22 28.557173502151194
9 23 30.040203791712266
9 24 72.18248222688482
9 25 46.07571704479778
9 26 77.90888607527828
9 27 50.343585215740944
9 28 64.06413379679283
9 29 52.56643869064095
9 30 57.74667658996606
9 31 68.00233192996006
9 32 90.83267296790483
9 33 55.563560821466695
9 34 75.98680729934406
9 35 47.70230478768802
9 36 97.09460585948064
9 37 41.380454579478936
9 38 56.89964776886552
9 39 20.274975705760625
9 40 88.71430383707671
9 41 33.8916233312342
9 42 94.12951959421393
9 43 52.90957034808106
9 44 94.87492970551973
9 45 39.81203780570671
9 46 77.30844408464583
9 47 30.34807936298798
9 48 68.95822824732053
9 49 40.88922868995037
9 50 30.77833376865258
9 51 87.02178742745633
9 52 32.56639880080499
9 53 43.53356767041838
9 54 82.22258723073563
9 55 70.72356976057223
9 56 25.464497982032384
9 57 32.84034313915313
9 58 72.25532943054779
9 59 80.38844853794748
9 60 40.40847455621634
9 61 38.24927412295244
9 62 98.09044048943822
9 63 27.370977155941016
9 64 33.86652567713228
10 11 68.96805969298299
10 12 57.855230670350835
10 13 77.43791615395601
10 14 34.92800807708254
10 15 98.99158706685245
10 16 90.28315644081624
10 17 49.50958718201381
10 18 42.82490120886658
10 19 49.87342931246451
10 20 23.59061866535237
10 21 35.655420457146896
10 22 65.95893501889897
10 23 32.10262349458326
10 24 22.015937636221636
10 25 76.96788432824006
10 26 87.20031718099897
10 27 83.59037561551915
10 28 64.112996456496
10 29 52.23539597102111
10 30 74.38224559295062
10 31 22.069947107221566
10 32 95.67421571676019
10 33 88.83790371405392
10 34 38.578673391512424
10 35 41.237416892064545
10 36 50.276446341577035
10 37 22.386031866309104
10 38 77.72166558651858
10 39 83.16214381528134
10 40 91.02705913005133
10 41 40.39881938901189
10 42 63.569237348871745
10 43 98.89462176665245
10 44 46.7684748255033
10 45 27.05502174834151
10 46 44.83754194099155
10 47 78.84511979379269
10 48 55.16636281899032
10 49 45.620311664138455
10 50 59.9665446267574
10 51 22.949149321863
10 52 91.59793534940977
10 53 21.989181722239604
10 54 82.01541391663532
10 55 39.63650768210517
10 56 96.65460347382982
10 57 53.785817652285566
10 58 68.12437980889499
10 59 82.17515608548383
10 60 74.46429989584342
10 61 28.048610402265748
10 62 86.02687443432332
10 63 30.911928935900157
10 64 53.148535750280544
11 12 75.01242355951422
11 13 34.84231563154572
11 14 44.309109438126185
11 15 66.74048879231765
11 16 60.308524871399065
11 17 63.499265129907705
11 18 90.94117323594975
11 19 67.73201066311248
11 20 27.216521727468965
11 21 37.00847690364549
11 22 91.338070135459
11 23 97.62437555399944
11 24 86.07303999849167
11 25 41.64659618347208
11 26 44.102457597216585
11 27 80.77184429658539
11 28 29.353896259317345
11 29 58.06043741169049
11 30 95.53058534928769
11 31 23.753140764443394
11 32 59.32062096659679
11 33 88.9030678900887
11 34 47.33768837651465
11 35 75.72103808825338
11 36 63.066113494609326
11 37 61.54217066346444
11 38 57.62161951375351
11 39 93.19521606407498
11 40 46.42643852807218
11 41 53.8075834175786
11 42 24.069773896359408
11 43 85.60350329470212
11 44 43.34426127659309
11 45 85.80009537218267
11 46 97.77434470651316
11 47 26.59914516401214
11 48 77.13938012214783
11 49 85.13459049621977
11 50 94.9925627205506
11 51 27.632408641705943
11 52 41.827860362751245
11 53 43.61337267156045
11 54 73.26308825879141
11 55 87.92787365055942
11 56 55.46793197603507
11 57 27.71799671975561
11 58 63.53824312586369
11 59 60.082789237691586
11 60 61.84603065303432
11 61 82.44299272675363
11 62 21.197415609770978
11 63 78.38097466628065
11 64 31.140141441137796
12 13 96.20405029414427
12 14 38.05193218634878
12 15 55.0768590478505
12 16 51.49125720911201
12 17 96.78845937425298
12 18 60.173881597769366
12 19 68.99999147087969
12 20 68.20057553328229
12 21 38.92831345896077
12 22 66.73465328754887
12 23 97.89215142754641
12 24 59.48955638703313
12 25 68.45860728937814
12 26 45.77847106661322
12 27 47.89526495827947
12 28 37.22972661736062
12 29 57.804914257445205
12 30 31.966725899077424
12 31 89.86251797779488
12 32 73.12217085430521
12 33 94.20775956394664
12 34 35.17866595063125
12 35 80.7406978690905
12 36 79.92482578398474
12 37 86.83106969129817
12 38 44.2709298294936
12 39 89.65152522619809
12 40 23.7778363337408
12 41 60.65117568604333
12 42 74.53238917480806
12 43 50.76836542175941
12 44 21.37459979052195
12 45 65.04175113967446
12 46 27.55885778282453
12 47 54.28306616777911
12 48 56.101017291647494
12 49 91.39444881253402
12 50 91.42772000508073
12 51 61.06609684443494
12 52 83.13768788667859
12 53 39.332850369237285
12 54 28.83564674524539
12 55 98.61534659025355
12 56 45.67204491695474
12 57 56.82549486016664
12 58 90.47406548841843
12 59 36.66963545466928
12 60 30.394160557511725
12 61 25.14435539225002
12 62 73.6503379530771
12 63 52.457156267553806
12 64 20.543747895672357
13 14 95.82115532285628
13 15 22.56396859682372
13 16 79.77230264427453
13 17 70.6594412935673
13 18 23.1621995046375
13 19 39.95707173406244
13 20 26.405048712203396
13 21 77.57805889325007
13 22 23.856073162426608
13 23 82.05038368350236
13 24 74.38010439074375
13 25 29.059137519914493
13 26 49.479152020235226
13 27 21.415583728854894
13 28 51.101195363246966
13 29 40.62983896594346
13 30 57.75778895534395
13 31 94.68087340293872
13 32 57.75961118654443
13 33 38.6843656797178
13 34 83.60648564761493
13 35 80.60721624842986
13 36 98.32517065534402
13 37 42.82467574827155
13 38 98.37925392941375
13 39 54.91571121828941
13 40 32.09840483968702
13 41 28.883927827762157
13 42 96.50876472991078
13 43 56.18461668602282
13 44 96.65725428085432
13 45 29.572551575920805
13 46 99.69927605203536
13 47 78.38607896330501
13 48 39.71704163151227
13 49 71.45498776361427
13 50 67.07435971623477
13 51 52.08132324510749
13 52 56.946205557999114
13 53 37.04311302572104
13 54 42.81044416576012
13 55 22.882434097870103
13 56 73.39536917245984
13 57 63.67565352606633
13 58 84.93816839616721
13 59 63.16254200999264
13 60 43.62127006471751
13 61 55.5633020378858
13 62 45.68619508482682
13 63 85.36629814927065
13 64 90.88043899617142
14 15 45.05980504635964
14 16 85.44761186171638
14 17 89.00000411854539
14 18 60.48411066994511
14 19 75.8529063202424
14 20 52.50143364567374
14 21 24.173069539343402
14 22 31.850582465583017
14 23 22.225651452282804
14 24 66.67438864667253
14 25 63.57019775801046
14 26 61.398209542445834
14 27 67.69021109117915
14 28 62.40280910119286
14 29 35.668906552117946
14 30 52.84853890462184
14 31 78.60579448914281
14 32 37.998270441389685
14 33 94.0882390301321
14 34 20.887237667847273
14 35 47.83601156434826
14 36 62.96259590372166
14 37 28.034557353051213
14 38 73.90550811264816
14 39 88.83920207731775
14 40 22.564441897173346
14 41 29.450884983326553
14 42 83.78696522751994
14 43 63.37279281545736
14 44 76.147317087604
14 45 66.01544390880278
14 46 59.800867932093695
14 47 33.55766399523215
14 48 24.879286816206605
14 49 46.727180073988286
14 50 97.3763922963563
14 51 41.661577179125004
14 52 42.00893561046172
14 53 58.978923409786944
14 54 81.51691786622514
14 55 43.549334882348425
14 56 28.688252940987766
14 57 55.805992478146266
14 58 32.36420952452345
14 59 83.71554753205271
14 60 99.02788476710694
14 61 74.12038689277487
14 62 59.37841748901195
14 63 51.550895722188415
14 64 20.359636435365644
15 16 29.58563044173367
15 17 86.37156750571899
15 18 34.3776361905904
15 19 99.41106295956371
15 20 30.163517755252833
15 21 99.8338173282294
15 22 23.350456717124615
15 23 66.51667409137897
15 24 32.13908584479068
15 25 59.58854738108435
15 26 70.5315956796112
15 27 56.83156048853714
15 28 87.47075388294672
15 29 84.60965383098103
15 30 63.16575491614771
15 31 62.72201369707898
15 32 26.06836966664641
15 33 81.24601282032738
15 34 83.34483148612776
15 35 74.86586585613054
15 36 68.45493967512213
15 37 26.31708373181704
15 38 41.050776470679786
15 39 47.4668167128931
15 40 77.23823682146386
15 41 57.408936878398656
15 42 49.30079513665202
15 43 57.084681955962886
15 44 22.624526363536404
15 45 29.737845593945256
15 46 27.67368518857645
15 47 23.322925474685512
15 48 30.468209949850067
15 49 25.035053697750776
15 50 41.90393534885686
15 51 99.24626191069368
15 52 84.699727512101
15 53 74.81666335897053
15 54 49.07298382843862
15 55 38.579491893078846
15 56 82.4733913632016
15 57 79.10793561854305
15 58 51.096624831650736
15 59 96.52364206699434
15 60 26.836186930739167
15 61 20.42430276028088
15 62 65.6248357429024
15 63 84.26794861995263
15 64 65.76147824225359
16 17 96.71729416156998
16 18 62.8493263253504
16 19 34.47182167424777
16 20 83.91938839326528
16 21 32.83672688923325
16 22 88.381630879835
16 23 65.77773205183419
16 24 82.83549741328363
16 25 45.19342097894503
16 26 98.27949790437414
16 27 59.89340694783806
16 28 73.19617520714743
16 29 85.32658415759195
16 30 85.81337563868249
16 31 60.958965621789325
16 32 53.865362131769174
16 33 53.24643941539617
16 34 23.57815981904696
16 35 61.687502667016496
16 36 74.94267873862177
16 37 52.31508277941191
16 38 87.42223836623657
16 39 42.885366474141584
16 40 72.89142716303077
16 41 95.80425349229745
16 42 54.01271200752174
16 43 47.20120707234432
16 44 81.46295673669175
16 45 78.08678993361082
16 46 47.00928771884254
16 47 52.67818723462743
16 48 45.783376918378835
16 49 60.906255148059955
16 50 80.4264212812403
16 51 79.96736889514744
16 52 40.62132133890387
16 53 21.78571556256702
16 54 78.77654984201787
16 55 97.07502400682144
16 56 65.6574970636124
16 57 99.7744273974424
16 58 80.14383486713987
16 59 86.97983063599723
16 60 66.32155520601978
16 61 50.017129644311574
16 62 36.140571728354956
16 63 91.999310337005
16 64 53.273351223690625
17 18 40.68286442873986
17 19 79.30291386981759
17 20 80.66271005241859
17 21 86.15282893947719
17 22 71.95748584374493
17 23 74.12791297086477
17 24 85.59601468876595
17 25 91.85198793308959
17 26 88.97964523193158
17 27 25.129008400196557
17 28 58.12551804814355
17 29 91.40737944904485
17 30 66.17401483634126
17 31 64.83374956073013
17 32 99.11666963203035
17 33 66.08243823689472
17 34 80.42268542099207
17 35 27.72697926723201
17 36 44.13512549429668
17 37 93.07580818391921
17 38 56.25100012223503
17 39 62.76927469761057
17 40 68.66840214691408
17 41 33.43418254599605
17 42 64.3197412046407
17 43 55.431127339520685
17 44 30.242870492498
17 45 73.34276749943959
17 46 91.69958051523017
17 47 34.69938312386988
17 48 83.26835731471266
17 49 63.71271996443732
17 50 48.066090339581905
17 51 63.606554107285405
17 52 64.92040156773697
17 53 45.20516548558839
17 54 86.6061437545334
17 55 32.85892668159393
17 56 41.59958192643742
17 57 80.27349721692626
17 58 68.68343230436504
17 59 32.23314085636972
17 60 71.66400432010403
17 61 47.67269564768655
17 62 95.08237291508357
17 63 33.32277772527631
17 64 24.203655341369547
18 19 64.76981861055506
18 20 79.74789625115312
18 21 22.951370057944178
18 22 30.367106957944063
18 23 76.59547585094053
18 24 38.58821439069616
18 25 56.46104483015745
18 26 81.17961805424441
18 27 54.328037481734114
18 28 27.677895456951916
18 29 55.81222309464418
18 30 99.84421134857969
18 31 71.07769276806202
18 32 89.56020906779506
18 33 40.50880885096347
18 34 74.87580295820624
18 35 70.02811445200797
18 36 57.430692189135996
18 37 80.851132890516
18 38 28.273911672072536
18 39 31.867829004339143
18 40 58.75150630912161
18 41 62.90885267722644
18 42 83.22502438926267
18 43 61.67802701656552
18 44 57.646298271577976
18 45 52.360006445249724
18 46 62.35169947567349
18 47 21.780669236777676
18 48 44.90583492930536
18 49 56.77004056599914
18 50 53.18212561038667
18 51 72.73507120756969
18 52 72.48730349924398
18 53 82.48593632477633
18 54 73.9349301846513
18 55 81.9978461790243
18 56 78.97348936468578
18 57 31.305692258353783
18 58 25.48515122385279
18 59 79.30264428020438
18 60 21.170780902692385
18 61 37.38711631596015
18 62 54.036639170778926
18 63 30.848438307646965
18 64 27.570728372182902
19 20 34.38704115305071
19 21 85.17826990628915
19 22 31.791996947076264
19 23 23.747118060140224
19 24 28.387749190544966
19 25 72.35070692614443
19 26 33.34898473179458
19 27 64.09863100593692
19 28 80.84925327670862
19 29 35.680441939489995
19 30 56.254017766309445
19 31 60.315397430905534
19 32 49.94772591270524
19 33 42.66972256710508
19 34 55.94959697083287
19 35 58.74511579318706
19 36 58.48633178993335
19 37 33.91821201951566
19 38 56.50814905372006
19 39 94.38993722192359
19 40 99.55405625637337
19 41 82.25409045941615
19 42 73.66880412406475
19 43 45.05719703424526
19 44 23.62179249151354
19 45 89.12391684079236
19 46 59.55910120286945
19 47 23.83603791263294
19 48 60.34274022260061
19 49 56.51478375158953
19 50 52.203116378822266
19 51 55.90903672353504
19 52 43.71495695681985
19 53 69.63922965944307
19 54 37.25285203317804
19 55 24.734219673597806
19 56 55.51348601093204
19 57 32.77671204948818
19 58 70.65716424058479
19 59 26.172621311915858
19 60 64.90142867449303
19 61 87.06454361135931
19 62 39.2139887678218
19 63 60.222379246513434
19 64 58.783977156850646
20 21 95.80407160209232
20 22 35.06059135342496
20 23 71.27097722392332
20 24 51.85223334426926
20 25 44.44277076419432
20 26 38.48259072735871
20 27 34.30570180308201
20 28 35.755544996830835
20 29 68.64029212665992
20 30 37.96026276723657
20 31 45.398675548592855
20 32 72.86036099054448
20 33 97.78409433265881
20 34 20.954657198791775
20 35 37.86798634876508
20 36 95.55127539755078
20 37 28.848730188803493
20 38 64.70872597938452
20 39 35.024823343857605
20 40 31.735196394653727
20 41 65.54826423517545
20 42 43.7464203642103
20 43 74.83785251351783
20 44 90.94775065522431
20 45 95.59481094342891
20 46 95.70648126010013
20 47 63.504448235920385
20 48 96.6804351876952
20 49 24.661994420669995
20 50 56.0393803331289
20 51 52.429213989804055
20 52 81.73358234394955
20 53 24.480213639931236
20 54 94.08115602883625
20 55 95.03416885186343
20 56 71.45310745391572
20 57 59.86776420763171
20 58 90.06407353821535
20 59 44.141632741402354
20 60 59.93209321871266
20 61 67.60880265567118
20 62 76.70801408567394
20 63 76.67146906495533
20 64 25.45496331330428
21 22 53.825886916497865
21 23 20.364483135633698
21 24 51.67096635534874
21 25 25.39589801724209
21 26 75.53426257301301
21 27 74.85018313553755
21 28 58.35871907013686
21 29 33.479960360685226
21 30 46.358037142823356
21 31 25.168953518475465
21 32 98.26400056155293
21 33 54.34258398143313
21 34 92.3273535436746
21 35 65.71867318968125
21 36 49.130723624587354
21 37 45.98224882595603
21 38 53.44821066241632
21 39 30.654412150908385
21 40 98.33076591720601
21 41 47.1920624334638
21 42 91.58713087020412
21 43 95.07925275831631
21 44 52.54808059979321
21 45 74.04641930899132
21 46 70.61636563753417
21 47 92.14780450786608
21 48 31.21785504145942
21 49 38.604556269791686
21 50 46.90266338234722
21 51 79.34419293818206
21 52 83.6701349874158
21 53 39.88115153969767
21 54 32.36920999643615
21 55 92.93437961084352
21 56 61.61720455746103
21 57 42.89638289693377
21 58 92.17642877649043
21 59 48.36975851412128
21 60 36.887743380374296
21 61 97.1869268320731
21 62 42.78191448966397
21 63 34.25700843711758
21 64 29.546106884229193
22 23 78.37188679354452
22 24 82.15443947626196
22 25 36.93726199967371
22 26 75.62611314986724
22 27 42.0191553257657
22 28 68.14747562247045
22 29 21.20994520472407
22 30 58.22634353158888
22 31 46.788018387458514
22 32 60.49569552927324
22 33 79.1594769304609
22 34 71.8865225373718
22 35 86.29907056037719
22 36 20.637703936452336
22 37 38.72611751381251
22 38 29.79692330298952
22 39 53.013213738435006
22 40 73.55096876338459
22 41 55.64306339075587
22 42 26.796283092911423
22 43 28.289887134714622
22 44 59.102914887501576
22 45 35.571091761714946
22 46 31.630212872300206
22 47 69.47543416743059
22 48 50.43346547866853
22 49 84.06679102932017
22 50 24.879050616167913
22 51 80.2622511138224
22 52 71.6495761666491
22 53 50.29817963663247
22 54 77.38424086233134
22 55 66.38492392210135
22 56 79.32142912418624
22 57 44.28722510427231
22 58 39.419282807169694
22 59 94.24181920938886
22 60 26.402887672014934
22 61 47.617599195497505
22 62 61.71874915858707
22 63 51.486432718998934
22 64 46.85093178108431
23 24 95.01606791690368
23 25 84.78283319348706
23 26 75.55564407153035
23 27 79.68348759597677
23 28 29.823899399139748
23 29 50.1782251414748
23 30 87.23706417255558
23 31 82.78733660531245
23 32 96.54284436775225
23 33 78.79009801764448
23 34 66.73577155411658
23 35 24.204403556489062
23 36 29.953521688756446
23 37 91.24952951247711
23 38 94.290468355973
23 39 92.35860209327957
23 40 42.653082409887666
23 41 81.85054588450717
23 42 79.84020058044504
23 43 53.06135844314868
23 44 20.075997085660227
23 45 87.88996280224094
23 46 56.942899372814885
23 47 60.964290727962656
23 48 39.61476848386568
23 49 85.49563690257246
23 50 51.70331347105871
23 51 88.56509186416932
23 52 90.71602022196441
23 53 70.41144012014782
23 54 83.85621269394662
23 55 45.36024442207228
23 56 67.9276418741409
23 57 39.02050908316146
23 58 35.75660745718772
23 59 60.788505135551
23 60 65.62341303272476
23 61 94.17476702101713
23 62 32.083371698929795
23 63 50.996736566355274
23 64 22.305833626182825
24 25 51.114687555054836
24 26 79.05575672737746
24 27 73.53353675383886
24 28 77.25223965274228
24 29 94.45789525055966
24 30 64.99974493981273
24 31 76.6618025076697
24 32 70.17265451854148
24 33 54.87411289045284
24 34 87.18007917951654
24 35 55.08428551495876
24 36 75.19357854885803
24 37 37.313657796503804
24 38 35.63026921285682
24 39 57.90743433832161
24 40 23.19224173281034
24 41 84.79599978343407
24 42 34.749136985930534
24 43 71.3656820311039
24 44 60.905151537940455
24 45 43.02142271718965
24 46 33.529820158975056
24 47 45.72793130155519
24 48 84.33772735584469
24 49 32.43242523862079
24 50 24.88793168643074
24 51 72.40200743576574
24 52 49.052669910357515
24 53 40.09916158291588
24 54 34.74619892706923
24 55 66.06687592917658
24 56 30.027087276039175
24 57 37.367284339266114
24 58 57.54807679874513
24 59 21.333077181578552
24 60 20.333202680338864
24 61 46.92699987557323
24 62 72.20034882176893
24 63 82.93460923810323
24 64 37.646490476003805
25 26 48.12689741053602
25 27 91.5656555472579
25 28 65.48622132672676
25 29 29.020906474130392
25 30 26.972834919562434
25 31 24.289625693011246
25 32 61.32968754868515
25 33 35.93612629822359
25 34 78.91138207120935
25 35 94.18285574006534
25 36 64.91778778745842
25 37 37.96089845431113
25 38 75.30400731961545
25 39 55.50594765374125
25 40 28.370144022393813
25 41 44.65087506776208
25 42 76.66440181953287
25 43 87.63649448102501
25 44 46.427091009283245
25 45 78.87888726940312
25 46 40.47494302421663
25 47 44.55664514829089
25 48 47.78385177828551
25 49 57.52022967732848
25 50 64.62690493083339
25 51 26.914121389605512
25 52 88.95867106356006
25 53 46.89743598895297
25 54 40.782078592786426
25 55 42.72495818398447
25 56 74.6764174150196
25 57 85.93374922756871
25 58 29.25332615258796
25 59 78.56855163422466
25 60 41.57996746354647
25 61 59.35858959224387
25 62 49.06534574289979
25 63 76.38513145171945
25 64 91.8812512717352
26 27 65.52407905106153
26 28 20.103371687924174
26 29 94.6138030037793
26 30 96.86916791903431
26 31 93.8592678811601
26 32 21.123413256712
26 33 25.123876676192765
26 34 70.44077546855115
26 35 79.17885554555765
26 36 80.77903670416529
26 37 68.42567081100432
26 38 99.10206085130659
26 39 75.45969301255631
26 40 32.395809255729155
26 41 71.6480196263038
26 42 59.95232759863186
26 43 65.00935095614462
26 44 42.450026371193765
26 45 49.40593880295182
26 46 50.45572294702528
26 47 57.602376242665336
26 48 81.6161851202109
26 49 70.31168843884544
26 50 37.59721917498547
26 51 86.12932766348433
26 52 72.23869858839069
26 53 52.153393606355735
26 54 48.603086210986476
26 55 78.6735858609014
26 56 82.29650970893302
26 57 41.21962660866312
26 58 44.73411621316973
26 59 28.13386603524293
26 60 94.01966510722463
26 61 25.07494931528135
26 62 53.16933850456742
26 63 27.55707637358813
26 64 38.74784445938442
27 28 37.26857563552299
27 29 93.01622782308927
27 30 81.69133295402114
27 31 89.26208511958868
27 32 72.211530620339
27 33 77.83180500339013
27 34 84.06589316308745
27 35 93.2847655722476
27 36 58.92025975715004
27 37 70.88146166924713
27 38 53.3373510390762
27 39 49.73822737196887
27 40 27.062884466679733
27 41 51.01414986333792
27 42 38.45149356081641
27 43 59.715060437186445
27 44 87.56030088063451
27 45 68.58822634672782
27 46 23.37711540998476
27 47 67.60968173744652
27 48 50.11394822385501
27 49 85.49525646680175
27 50 94.2364003699159
27 51 48.170486766549956
27 52 22.992549940376385
27 53 40.855883429621976
27 54 56.96337402890403
27 55 67.624520911216
27 56 65.97120034248306
27 57 61.536843549046466
27 58 22.788353708932114
27 59 70.19104693653429
27 60 56.47181699222003
27 61 45.6012172360996
27 62 88.5963536499226
27 63 48.81658942483085
27 64 40.15502815988019
28 29 98.11826871460964
28 30 55.93262385254177
28 31 22.285633876881175
28 32 38.04031918195975
28 33 58.40297136228866
28 34 54.580315076017754
28 35 68.21444051953739
28 36 85.0487566162787
28 37 78.3052017223478
28 38 61.16556872774738
28 39 65.70851551478025
28 40 51.277503112121245
28 41 31.821718775449057
28 42 30.365808819383766
28 43 22.110363784068454
28 44 88.78061177910371
28 45 79.77231103709542
28 46 39.90640435629541
28 47 82.53162154814976
28 48 53.99278762747205
28 49 53.881801380322656
28 50 36.898110203318026
28 51 67.81190258544542
28 52 21.84249656222981
28 53 32.91248957074206
28 54 81.16290673821149
28 55 67.43752550444516
28 56 67.9348807412189
28 57 46.253297045253206
28 58 73.27853062600204
28 59 41.32239915801979
28 60 48.565748827924786
28 61 38.68971092856305
28 62 41.978574858638204
28 63 27.198024399639085
28 64 73.8196342079091
29 30 23.76593569248314
29 31 64.4530033372433
29 32 83.82147052564389
29 33 67.9734774045858
29 34 26.211070133816197
29 35 32.29120882147021
29 36 33.42218130389425
29 37 25.543607779334295
29 38 51.83630434718759
29 39 74.20280975213299
29 40 81.0443716238945
29 41 91.13517434622369
29 42 56.491198619738334
29 43 81.51917702386666
29 44 63.040841941383576
29 45 61.94794322803561
29 46 21.412536381706985
29 47 48.46729370015905
29 48 72.21352942555347
29 49 31.045323601094445
29 50 73.550833738107
29 51 76.52451375487999
29 52 59.93160704513295
29 53 66.60329564874274
29 54 50.02927335729357
29 55 48.71015807055555
29 56 48.37065298088775
29 57 34.68617779430665
29 58 82.23600720508297
29 59 85.90487101676145
29 60 87.0605072320854
29 61 40.46494335386637
29 62 79.37106646940225
29 63 48.95136493504208
29 64 25.98244218056257
30 31 33.125099834067164
30 32 40.30726645718267
30 33 50.20784909416099
30 34 38.40891494557299
30 35 92.08792864976343
30 36 93.24379664822095
30 37 61.0365492751579
30 38 93.96740254840229
30 39 43.984694164873375
30 40 56.533288445758984
30 41 51.83826023894759
30 42 21.859555150739453
30 43 25.070821827749974
30 44 43.60738590089415
30 45 34.478718723349516
30 46 66.18225201401938
30 47 95.10875245278444
30 48 55.06768790549043
30 49 95.1503856506392
30 50 46.295096156949484
30 51 35.27532858457447
30 52 51.13857129037673
30 53 54.10213142323751
30 54 42.25065246372414
30 55 75.41397974861557
30 56 86.05656437850988
30 57 58.58647419749546
30 58 46.44328501280113
30 59 94.1037409141626
30 60 33.92847534413325
30 61 46.220123757882064
30 62 45.352411801658654
30 63 92.45051833415016
30 64 35.77135054481529
31 32 88.30862689874684
31 33 75.35748678268965
31 34 52.0298596329074
31 35 76.9465328979743
31 36 20.275506848102182
31 37 66.3365926366782
31 38 59.06942758168498
31 39 26.419267267448056
31 40 48.732166940647865
31 41 76.25286195311479
31 42 39.15067514372847
31 43 34.55203282441911
31 44 87.68058204920537
31 45 99.28032827643788
31 46 77.6917054081014
31 47 51.70610597897614
31 48 66.63166723487414
31 49 22.645919959047767
31 50 56.47390494725016
31 51 45.42790755507429
31 52 35.80631546082156
31 53 54.65788207597822
31 54 89.31555742094224
31 55 86.81329220489283
31 56 27.34563118294424
31 57 46.746824203877715
31 58 48.44884952024235
31 59 81.17411765356317
31 60 82.21723403280376
31 61 79.91023764982522
31 62 24.304725409002145
31 63 33.289982754024514
31 64 88.78742336315685
32 33 63.32944362902979
32 34 42.133877818940604
32 35 97.74664201930719
32 36 77.2468611159342
32 37 44.2410878235125
32 38 60.46516407979069
32 39 45.45799914991824
32 40 70.70493406197312
32 41 25.573659282372763
32 42 57.54310571221352
32 43 95.50794558151658
32 44 24.22512435812755
32 45 81.35471834880093
32 46 88.95018727176459
32 47 79.9508245802566
32 48 42.52861318912677
32 49 40.57698123097863
32 50 55.1400410275905
32 51 46.49786670181739
32 52 78.35386878398751
32 53 65.45599137466624
32 54 28.132733307764344
32 55 97.41261448471872
32 56 46.835748840640186
32 57 87.30365553373484
32 58 45.93256230371839
32 59 87.97618570557871
32 60 37.81892483347904
32 61 94.26655458487697
32 62 51.87733810630226
32 63 80.5376994467681
32 64 35.661117478244925
33 34 93.81936836006106
33 35 51.45156715196688
33 36 77.50134734133638
33 37 85.95067367304407
33 38 76.03656759362738
33 39 94.174248773151
33 40 91.98669454573955
33 41 20.286401907125715
33 42 35.746457336777496
33 43 33.75697203581555
33 44 62.888934084472126
33 45 89.13844487746205
33 46 87.67823987167671
33 47 83.52577422092708
33 48 97.79315403917602
33 49 31.6973766962505
33 50 97.99626711294097
33 51 85.91279049820086
33 52 60.67398969518419
33 53 79.74312374866702
33 54 65.18363470339622
33 55 40.84510866307394
33 56 46.265167200104564
33 57 48.45219794051803
33 58 55.77028105814997
33 59 34.025680307573595
33 60 35.88374819615008
33 61 67.48608831011147
33 62 63.82207035440175
33 63 87.02179832174235
33 64 56.477585705695304
34 35 66.35122254347425
34 36 91.8045080757765
34 37 38.8886960203073
34 38 56.27867134160386
34 39 79.26410486163086
34 40 68.92410686453854
34 41 27.07574658736671
34 42 27.343179208161157
34 43 55.64743729861423
34 44 44.35147019634321
34 45 54.83047932789504
34 46 75.2485893189612
34 47 41.22845370486061
34 48 26.70259783303063
34 49 21.27001809891518
34 50 48.912198572455736
34 51 83.01620544070286
34 52 25.75529451473067
34 53 70.5278805135783
34 54 71.30460482041954
34 55 87.50853969752967
34 56 72.93325317975166
34 57 94.27358171299026
34 58 23.344459614013164
34 59 86.51365329269295
34 60 73.87243103976076
34 61 29.373143061820777
34 62 74.83936806831397
34 63 46.602762472013815
34 64 65.11863268476874
35 36 23.98719147304547
35 37 82.13831232882337
35 38 72.83504465886789
35 39 94.38096126745963
35 40 95.75275249136466
35 41 69.97217073034781
35 42 99.75110061922523
35 43 87.60977116197955
35 44 62.320704278312604
35 45 92.49899310654227
35 46 67.14424239252807
35 47 27.642815288893114
35 48 68.35895093135039
35 49 42.010120552978734
35 50 73.21491235808428
35 51 60.715889504853955
35 52 78.45581878644133
35 53 27.762271357316344
35 54 96.60282684636783
35 55 58.757491335936194
35 56 87.50848549440393
35 57 66.76873793518445
35 58 55.118413292644355
35 59 73.696871876242
35 60 66.38123321798197
35 61 62.6569639258883
35 62 82.4051296102923
35 63 33.33236634508006
35 64 91.88089435939402
36 37 50.7526249166266
36 38 28.075240298604164
36 39 28.825123643081074
36 40 59.05098810846043
36 41 44.53472793068313
36 42 55.596800568568135
36 43 57.973837471846075
36 44 81.3457290273088
36 45 74.590645925613
36 46 65.02892471067922
36 47 33.20172121107275
36 48 33.768892540335116
36 49 89.07804369581166
36 50 93.78585035054931
36 51 45.4173668630349
36 52 60.087677297502964
36 53 74.32414220271616
36 54 89.0523702371743
36 55 92.48991185366917
36 56 31.69459777215927
36 57 64.0284906376624
36 58 86.09053769608661
36 59 67.21289587331219
36 60 57.51499148742839
36 61 62.7880892156241
36 62 96.33450127036039
36 63 59.920081473577085
36 64 27.025131945141283
37 38 43.796655759444214
37 39 89.03758964070951
37 40 26.600669160672936
37 41 72.58917029425231
37 42 81.66884712441224
37 43 59.85519987535726
37 44 96.2869331228792
37 45 70.78779749239614
37 46 37.53442314948548
37 47 59.71724271442203
37 48 24.755168448105394
37 49 67.20017552318765
37 50 43.86982471323801
37 51 33.38656689486414
37 52 77.89385375735736
37 53 59.84684042835379
37 54 83.26663620719367
37 55 31.660968296785292
37 56 21.576786348938192
37 57 80.82811924858396
37 58 30.42262828629579
37 59 35.70175774061852
37 60 84.52447950108164
37 61 34.48286730745876
37 62 69.29241015553848
37 63 28.996765614666884
37 64 87.15848734361472
38 39 65.89414927669701
38 40 80.8077658642683
38 41 40.99697692975887
38 42 64.2219833162423
38 43 44.79459985868047
38 44 30.77748759396293
38 45 26.25578744948518
38 46 57.761989160810174
38 47 79.4208470278061
38 48 33.674616335513846
38 49 44.075527745242624
38 50 93.66782961535992
38 51 69.60726084699562
38 52 95.21694140344044
38 53 41.245421088682015
38 54 28.610907260435372
38 55 25.528156365818866
38 56 56.512565745056904
38 57 22.365261531199465
38 58 28.782499121194334
38 59 86.17788413801955
38 60 56.55296417875537
38 61 69.59171069569294
38 62 65.36961167615635
38 63 30.056142795982666
38 64 69.92567517496295
39 40 29.191464103496045
39 41 43.337786799813635
39 42 55.45078519341943
39 43 46.41258867047286
39 44 61.75331527729439
39 45 65.83496181541487
39 46 80.99203231735886
39 47 70.90911483601326
39 48 95.96300012442218
39 49 76.41128672193418
39 50 48.634300002316124
39 51 62.30272335018158
39 52 45.33186510494406
39 53 33.121518861145915
39 54 61.314092054749985
39 55 64.9927628225577
39 56 32.207720909796976
39 57 80.11056199619021
39 58 50.379104655707195
39 59 99.44320407983491
39 60 97.44886161229613
39 61 97.82895583524073
39 62 36.77580093976591
39 63 24.697868941892096
39 64 51.813681261010096
40 41 63.4750708767678
40 42 74.41059719261432
40 43 27.651494052306074
40 44 82.58945144663821
40 45 61.1742892155426
40 46 69.81986456803816
40 47 69.621895700572
40 48 77.92989110723823
40 49 84.87196647562268
40 50 83.75421691711406
40 51 64.44169785282867
40 52 20.466327997737377
40 53 26.819091523311407
40 54 26.678058735562928
40 55 72.15541376304117
40 56 95.55725129843835
40 57 71.1476266646118
40 58 96.88703602350155
40 59 61.24437416634625
40 60 90.65228764139113
40 61 67.61711228462276
40 62 60.217092983286456
40 63 87.24148703350428
40 64 87.23247430026981
41 42 96.24638020109228
41 43 29.508224618445034
41 44 54.23500080279883
41 45 49.512125092758446
41 46 84.01569862828546
41 47 61.4735888911472
41 48 37.87232994204733
41 49 58.76096323613926
41 50 27.050269656901715
41 51 35.11430578227767
41 52 30.66037117918583
41 53 54.54239103890906
41 54 53.325138376100334
41 55 71.33416325317992
41 56 91.79451255147663
41 57 31.878149305878996
41 58 67.978599222394
41 59 68.6441135808401
41 60 44.27300060930668
41 61 29.067668616502054
41 62 43.04767198996128
41 63 94.33925847880508
41 64 24.948234845403093
42 43 56.803937779217236
42 44 62.798714205057955
42 45 82.22282275332853
42 46 53.15111713397653
42 47 96.03349598258664
42 48 83.0097106521628
42 49 71.44351268239006
42 50 66.70160539637394
42 51 47.46286960814902
42 52 41.13826575505777
42 53 98.16713865482522
42 54 57.2988800239729
42 55 39.98783841536395
42 56 55.122774548600816
42 57 49.735683214539975
42 58 96.38419824093411
42 59 23.262567234090696
42 60 27.54706629867993
42 61 40.05621553018613
42 62 44.54676046380199
42 63 78.73678774515878
42 64 96.41383951939457
43 44 33.32582631253935
43 45 76.83735898580525
43 46 94.33152875348583
43 47 48.85019658209075
43 48 51.14144640669751
43 49 61.266508696761655
43 50 90.28274142938399
43 51 27.046256272163767
43 52 28.229201673846607
43 53 72.66601017607533
43 54 90.7085173325122
43 55 99.99957834926322
43 56 89.22334537872074
43 57 72.09800741279567
43 58 66.24100197257974
43 59 32.36172703164928
43 60 95.35687289481983
43 61 75.55107541036564
43 62 31.901119752753544
43 63 73.80349811338652
43 64 66.56621208826036
44 45 37.89315426018607
44 46 49.19831947602029
44 47 31.75236021514727
44 48 48.489469831363024
44 49 96.53838605178625
44 50 82.47355091087547
44 51 85.52959328846276
44 52 84.5846990656172
44 53 58.22945189741945
44 54 97.34112741361321
44 55 60.466188255634485
44 56 37.007338345506255
44 57 86.0426564318947
44 58 45.69688164087922
44 59 71.24163220928591
44 60 79.19729535483812
44 61 26.84856693069383
44 62 62.22299607471071
44 63 82.40466493504715
44 64 71.82238444807652
45 46 42.78894149903476
45 47 28.23183552271164
45 48 97.94006747620503
45 49 50.92024474273202
45 50 49.389212924316524
45 51 28.061585500588357
45 52 91.51067147322436
45 53 41.30110161362002
45 54 27.49142116985218
45 55 59.65654608889593
45 56 35.81317696768398
45 57 88.18186824724486
45 58 51.918969011641146
45 59 61.610982950983136
45 60 86.81979313332464
45 61 98.84203091255637
45 62 99.49102494732672
45 63 53.00143587528549
45 64 95.78789295923937
46 47 36.86340163798264
46 48 49.223495242985635
46 49 83.90279226409044
46 50 29.04595990584884
46 51 62.665114434798774
46 52 35.29348296043992
46 53 33.31377234091583
46 54 21.635720557678084
46 55 97.81006218478568
46 56 57.31475273056441
46 57 26.711681247673837
46 58 62.861846745809224
46 59 56.20457238264636
46 60 28.782005616648085
46 61 88.68642995185888
46 62 38.11083037683595
46 63 88.09792633596805
46 64 57.85141460815714
47 48 39.2118706287727
47 49 76.75080517570905
47 50 35.73749599127224
47 51 83.73248002116739
47 52 50.07939959176714
47 53 68.54943153449832
47 54 64.92948126907982
47 55 21.642518048194095
47 56 64.9506623791988
47 57 70.6103843066206
47 58 81.37106142514739
47 59 77.07958981952429
47 60 28.806143998269683
47 61 86.52439299007384
47 62 63.83643425813749
47 63 45.34537403432968
47 64 25.493844312157236
48 49 63.174757323474196
48 50 45.00430276344432
48 51 44.05857967007943
48 52 72.46960010380283
48 53 21.64704770726649
48 54 73.99861289644221
48 55 32.83188942228549
48 56 84.904294603075
48 57 39.5182336691287
48 58 27.946307079886683
48 59 29.8944607620792
48 60 89.33010149076964
48 61 59.90457563810007
48 62 92.90581109860926
48 63 37.607794131131854
48 64 79.11093583913103
49 50 79.92266100287607
49 51 95.59694087115051
49 52 75.15877535760453
49 53 95.20093488412215
49 54 42.124941246954464
49 55 24.908298330757106
49 56 86.13305537524732
49 57 97.61197228491079
49 58 41.65219567531712
49 59 60.55022821363647
49 60 93.51448474010768
49 61 86.59471309901237
49 62 75.03724833977398
49 63 26.183842717218226
49 64 57.76205323368749
50 51 23.564625585338028
50 52 44.73481124360339
50 53 97.95154604275109
50 54 41.41006410318709
50 55 78.74087350388115
50 56 52.67658195969921
50 57 82.83448477319277
50 58 49.83772998022143
50 59 57.3800123136851
50 60 71.45284726493364
50 61 38.01219377338217
50 62 88.6042583417114
50 63 68.10421136239059
50 64 75.3121591873261
51 52 28.615927118710616
51 53 79.75699561803086
51 54 90.0140213075032
51 55 50.5749058407589
51 56 53.91731239369697
51 57 95.25262043028091
51 58 21.317879969620375
51 59 78.79040762521205
51 60 22.18500842144077
51 61 56.95237860948865
51 62 50.514737520582926
51 63 95.23764378416939
51 64 22.93158947152376
52 53 86.51753362488215
52 54 29.508280971841636
52 55 94.3922952697901
52 56 48.06799083060031
52 57 76.2650710844578
52 58 96.23734699780334
52 59 35.45146863943522
52 60 21.39255052221835
52 61 94.67218915494672
52 62 58.8967609803095
52 63 31.360449440975966
52 64 96.64999839878418
53 54 32.690156424074075
53 55 77.83137142740898
53 56 88.02020177734462
53 57 34.09493480542608
53 58 89.19386429751334
53 59 33.12997947474099
53 60 54.599798730195644
53 61 67.67914696148114
53 62 37.250524037539556
53 63 27.393263797270066
53 64 42.956823506476994
54 55 86.58781701238085
54 56 60.5994502570827
54 57 46.532133570757104
54 58 33.2114179853339
54 59 60.51340268561606
54 60 64.24018327476966
54 61 32.95176033175882
54 62 44.72538833463087
54 63 84.5755512882355
54 64 86.6552063556105
55 56 85.39405968051659
55 57 85.92971052803603
55 58 82.09031569267174
55 59 89.0461435878798
55 60 28.583196997987734
55 61 73.90406849504447
55 62 26.345363922142184
55 63 28.545199411074698
55 64 22.058694145677205
56 57 24.757872925051956
56 58 43.397218400587256
56 59 22.042185428093095
56 60 92.01913062391804
56 61 67.57127922184836
56 62 45.48025731535634
56 63 37.959003153592576
56 64 37.01308737062084
57 58 63.67217386765867
57 59 94.57943747149056
57 60 66.9069799115938
57 61 86.53910963546083
57 62 48.30460701420496
57 63 54.694560903744424
57 64 22.45869502560028
58 59 82.66722049477141
58 60 26.703976338217437
58 61 63.4756773715533
58 62 27.52895762315
58 63 77.47827653422884
58 64 80.57716862645896
59 60 37.2651499244357
59 61 21.47848045402805
59 62 88.944055493124
59 63 73.63536803124188
59 64 80.33333679128478
60 61 35.7214517786429
60 62 20.194653823086117
60 63 24.141340730564977
60 64 78.14089212483407
61 62 75.75697913307742
61 63 71.44904284523963
61 64 32.25459990438409
62 63 99.08221362751408
62 64 24.11977701379979
63 64 43.25055200830511
