40 780
0 1 67.83521367388536
0 2 65.89277277276354
0 3 54.358055925107855
0 4 51.42271193645742
0 5 37.38146135427904
0 6 59.91260221713055
0 7 60.210807432931546
0 8 81.69925142846004
0 9 49.712642998704496
0 10 94.7079255182293
0 11 30.684914240009952
0 12 38.225157013784724
0 13 70.36194262639512
0 14 37.484296055956776
0 15 58.24682441174254
0 16 28.563012122615923
0 17 81.83679650195037
0 18 62.87707002111412
0 19 27.421640529441103
0 20 24.924098453706662
0 21 68.74091177489485
0 22 48.24871488259272
0 23 79.79785791026981
0 24 53.38627770308893
0 25 43.37899320025029
0 26 48.98599720332345
0 27 48.09329493304914
0 28 52.42769479867717
0 29 49.38773232147184
0 30 73.16798533027203
0 31 62.51334108609639
0 32 66.33840660406693
0 33 26.480499593181214
0 34 76.32390022273232
0 35 25.26924306569611
0 36 38.94444971839683
0 37 93.92567611923455
0 38 45.49875131575155
0 39 89.65806369597867
1 2 56.84225482919281
1 3 64.00969319783069
1 4 26.452294794435378
1 5 99.67294884662302
1 6 31.43450474463334
1 7 22.580052826697468
1 8 74.75757688159524
1 9 96.74894608517133
1 10 83.0380772418047
1 11 53.64689360221586
1 12 42.69357816838788
1 13 93.42516744285498
1 14 30.8632962736015
1 15 82.50378253252534
1 16 49.79351663076194
1 17 42.32968614654858
1 18 70.46502896448297
1 19 72.32717079296651
1 20 44.07848837005986
1 21 95.73419061237362
1 22 85.48305356394673
1 23 59.47357681004463
1 24 37.03106423000322
1 25 72.49823441664587
1 26 63.591845775914976
1 27 59.65014381562134
1 28 64.07314099264657
1 29 67.92371931105501
1 30 70.54600226228385
1 31 53.92801767002939
1 32 65.9896794912593
1 33 86.6641360768391
1 34 47.0426195565267
1 35 97.0836843506064
1 36 81.15388944489663
1 37 38.37310110551294
1 38 54.925131022646525
1 39 76.34833185285018
2 3 52.555527369562505
2 4 90.11803939859743
2 5 36.77574327042392
2 6 48.998811482491035
2 7 81.91508935714572
2 8 50.37282970373012
2 9 28.690478713486904
2 10 74.9501197319097
2 11 52.2472469139107
2 12 72.67592036418881
2 13 95.86100319946233
2 14 22.00115833381456
2 15 25.407034346644117
2 16 78.4722942555296
2 17 23.92199863989548
2 18 85.0196490349897
2 19 51.33649535237616
2 20 87.80901198841542
2 21 22.971936201833152
2 22 62.85943506007001
2 23 22.234107135893044
2 24 28.345622748413824
2 25 92.08451644202827
2 26 57.19755752302134
2 27 28.62195043271314
2 28 97.1106073293622
2 29 44.50072075214935
2 30 98.49560457240932
2 31 61.43655308428049
2 32 58.37869559382188
2 33 95.93767756084456
2 34 36.08681756070354
2 35 68.1579958429667
2 36 59.5892073311945
2 37 98.23694442201301
2 38 58.315085912159475
2 39 53.07031260473525
3 4 79.67076594442138
3 5 77.01161690263248
3 6 99.31378151666466
3 7 66.81291559390141
3 8 46.82778729669785
3 9 74.93729586141271
3 10 82.7903251220864
3 11 70.43931827965488
3 12 33.42412835071155
3 13 21.482219595275573
3 14 43.724124212509054
3 15 95.410483380363
3 16 39.83005628917891
3 17 66.74406478801178
3 18 81.60125650744305
3 19 72.35224443063147
3 20 51.113795932868356
3 21 39.15321566327372
3 22 89.31967250008259
3 23 27.01645694409283
3 24 88.67146041346058
3 25 30.965248357762903
3 26 35.193348463546236
3 27 61.37763632785544
3 28 78.55274901960804
3 29 37.23921460749874
3 30 51.21042502114694
3 31 52.213928936444766
3 32 48.05439253520356
3 33 43.9026425255101
3 34 85.9189683464235
3 35 46.25237398239417
3 36 92.18640336021802
3 37 21.730070080329867
3 38 86.556603744595
3 39 74.99088835170053
4 5 55.276389104296314
4 6 46.94075179410258
4 7 22.24954768209205
4 8 60.42640284546579
4 9 56.768443676676696
4 10 35.3441739894801
4 11 80.33308197470092
4 12 69.097594078036
4 13 67.67679022933298
4 14 36.85352791348397
4 15 54.641383578833654
4 16 68.38149315314368
4 17 31.40462126373233
4 18 30.852894020227133
4 19 30.67155888294355
4 20 62.392448776774046
4 21 20.815640307468932
4 22 46.47058140019755
4 23 37.952063053952536
4 24 82.11306871653017
4 25 53.67300372647228
4 26 64.64970698155217
4 27 45.13166602386657
4 28 25.498832089890477
4 29 58.17125857654549
4 30 75.09436757510692
4 31 27.158126273336023
4 32 98.09141991245765
4 33 46.22302271787633
4 34 21.6025726366517
4 35 46.799720373018026
4 36 47.60946753291304
4 37 46.67186495960917
4 38 37.315793044469174
4 39 98.79851413991038
5 6 64.7198173778333
5 7 98.91434121939736
5 8 60.08111812358255
5 9 68.01248773052386
5 10 23.150829538488864
5 11 77.9232440173298
5 12 85.0459146574586
5 13 59.950981108703246
5 14 21.252506915582998
5 15 69.20286535664943
5 16 86.25939314552048
5 17 66.59836030472509
5 18 33.56453207937718
5 19 49.42017266091423
5 20 80.20821284977372
5 21 28.229531425997713
5 22 39.45971066955146
5 23 70.92395435523227
5 24 23.465007328732135
5 25 80.76091986953206
5 26 80.3676410416493
5 27 40.96132562886949
5 28 79.00742867056017
5 29 86.2912719092587
5 30 73.23154580196285
5 31 34.75379861533796
5 32 38.55803940163255
5 33 23.772940562285
5 34 52.47195209263453
5 35 21.60783674315396
5 36 48.24707041318586
5 37 64.0954767015343
5 38 56.6713830659722
5 39 73.7023738754141
6 7 57.83395947221994
6 8 20.688792494658248
6 9 63.19017585843177
6 10 91.71216885802825
6 11 70.34968648833815
6 12 94.56451634398057
6 13 32.281374607314746
6 14 82.04713943011186
6 15 60.25955989388773
6 16 80.40274531777722
6 17 58.45774683063655
6 18 75.7358052586951
6 19 28.399794945209884
6 20 94.80709674113338
6 21 71.58346474882558
6 22 48.12987931398129
6 23 73.1118612925861
6 24 27.38663705240355
6 25 24.72818979965666
6 26 50.46631304835821
6 27 89.66481085985657
6 28 61.56414895592418
6 29 73.75068802911375
6 30 93.37456534790037
6 31 42.063446935088216
6 32 88.58045079940355
6 33 59.002179889115276
6 34 77.13728862561157
6 35 80.23616334210271
6 36 48.368357848260295
6 37 50.67454120804007
6 38 46.817334375611324
6 39 38.16418378063186
7 8 59.72681700373258
7 9 63.231435636703196
7 10 82.96723559573164
7 11 36.028379972621366
7 12 88.74914403405994
7 13 85.36459957308725
7 14 96.28776521755069
7 15 23.54220369614807
7 16 71.32804956086991
7 17 21.011258616538207
7 18 74.62709340570211
7 19 40.939492961148034
7 20 99.17894951325547
7 21 92.36549259976744
7 22 22.408817009340503
7 23 74.52763828754148
7 24 57.8962928739859
7 25 66.87170294467379
7 26 63.965175672115855
7 27 54.870942147853455
7 28 36.800470603022546
7 29 69.00638278288847
7 30 92.67812132233176
7 31 39.65561672488127
7 32 53.16888752749864
7 33 83.82063495932421
7 34 25.52857165220469
7 35 61.90684779211317
7 36 53.861795911913745
7 37 64.5645474809497
7 38 38.65557568593685
7 39 91.10960829259763
8 9 98.47355454403464
8 10 33.777489486056794
8 11 81.8373152050311
8 12 49.03537287199184
8 13 84.48155858896988
8 14 80.13145405274273
8 15 45.66466888293803
8 16 85.1154331211461
8 17 21.577286544316216
8 18 95.84187106486839
8 19 22.540601779027305
8 20 93.35367114141486
8 21 84.73425568090902
8 22 47.67363863823164
8 23 53.548561558154546
8 24 57.18518675895741
8 25 67.12702083106183
8 26 56.04112890135575
8 27 41.7719353127
8 28 94.91233615486058
8 29 59.95928398556792
8 30 42.450511699977724
8 31 38.63024941147371
8 32 87.13497738187245
8 33 89.49371856303488
8 34 47.82617191585035
8 35 85.83353475482939
8 36 51.332155780091284
8 37 75.36468396660833
8 38 71.39062761528376
8 39 26.920773974450167
9 10 59.59272328033697
9 11 84.50947285898489
9 12 80.98513868688727
9 13 20.279098721645575
9 14 83.40647500277949
9 15 45.45445904193599
9 16 97.15381370896914
9 17 52.351857589180774
9 18 77.83646561893978
9 19 85.17812500841094
9 20 37.93248425386152
9 21 44.39199122307577
9 22 36.77225282569576
9 23 99.27408581197375
9 24 77.88474532757846
9 25 34.57758114198082
9 26 21.66483020789462
9 27 92.68140784275612
9 28 95.09164745574428
9 29 29.998459673388833
9 30 23.783270562138217
9 31 97.22432012781269
9 32 48.61907108711922
9 33 20.157661721721325
9 34 33.963514119183145
9 35 47.681521285720436
9 36 48.72644370019084
9 37 38.38766713432919
9 38 29.48691168616004
9 39 24.982510553049345
10 11 20.44105396359064
10 12 35.42371128919051
10 13 98.22968637882491
10 14 38.49031716455194
10 15 75.62489200667648
10 16 71.18586726406323
10 17 85.2987363093209
10 18 32.13239696056818
10 19 96.62139585259916
10 20 22.213610694416495
10 21 34.548817690425636
10 22 48.48837226501538
10 23 87.57479390817166
10 24 75.91382329836816
10 25 94.90717782815804
10 26 69.01019056300346
10 27 29.4752727147009
10 28 36.05210545037128
10 29 39.955233081846664
10 30 33.95641147129689
10 31 92.57211268711879
10 32 79.72625993587144
10 33 70.00805885803645
10 34 83.13299484864015
10 35 63.942045526400555
10 36 53.48648220571867
10 37 88.49936016525363
10 38 87.46258453905386
10 39 51.365494805947485
11 12 76.05781939707941
11 13 24.123792605094234
11 14 42.02802562458614
11 15 36.041009330538564
11 16 32.069539264770455
11 17 60.02664424671533
11 18 55.19214816116555
11 19 86.98634751149675
11 20 72.71067147554801
11 21 77.80376755836721
11 22 81.52202564803588
11 23 80.65098944514574
11 24 72.47854356597676
11 25 89.0544286291762
11 26 49.08280196729051
11 27 20.122249952612783
11 28 52.07241369722253
11 29 62.20006834334313
11 30 67.71050520793641
11 31 55.91306221923206
11 32 32.640931506325366
11 33 61.5021861663914
11 34 20.591939421062328
11 35 72.8140308128238
11 36 80.48029862640256
11 37 92.82252809994799
11 38 59.25168364372513
11 39 34.32020536604969
12 13 84.57076733927678
12 14 97.37443661681495
12 15 81.93297665068567
12 16 44.75002909325333
12 17 77.0002307021154
12 18 43.55425489955081
12 19 91.3139689761828
12 20 38.66722023937207
12 21 47.93263092900409
12 22 31.058647179716836
12 23 53.69047590883146
12 24 97.17815624674274
12 25 57.5995436912277
12 26 49.31929365667254
12 27 61.628431406049614
12 28 62.37697174254001
12 29 49.27871049007141
12 30 68.41746613688994
12 31 25.65285381880292
12 32 41.23641320308198
12 33 96.24823536411809
12 34 49.98489452251974
12 35 90.70704615425949
12 36 73.77905027202218
12 37 66.6784430223249
12 38 76.65140063794186
12 39 68.76331862568674
13 14 92.87868719174239
13 15 70.46340078274024
13 16 26.69164233452608
13 17 50.98628290589738
13 18 31.391486988544813
13 19 28.28258522332799
13 20 99.75149703660102
13 21 36.15252440050096
13 22 37.05994841220661
13 23 78.54346170374438
13 24 26.81628361943691
13 25 47.632977281285406
13 26 40.377796717186754
13 27 90.04584193532902
13 28 89.82397607124045
13 29 30.557826000848152
13 30 46.36534109436161
13 31 77.30651147845305
13 32 59.89405117047416
13 33 61.28278396387101
13 34 21.236070626361794
13 35 83.67237731398157
13 36 34.52952454741513
13 37 94.08187194050137
13 38 37.16293605064895
13 39 24.72661310771435
14 15 51.75140798046468
14 16 54.50642588905548
14 17 59.94351957796849
14 18 60.705249743361655
14 19 40.15936999845857
14 20 55.052601203693214
14 21 98.92671276047126
14 22 53.74363534125435
14 23 68.67564096177884
14 24 59.70398235083528
14 25 25.738663990901863
14 26 55.29528850922328
14 27 66.91474794351089
14 28 85.04060018067098
14 29 50.4570880403534
14 30 99.83728260657662
14 31 96.86728342983687
14 32 56.43950598280962
14 33 78.95781757267154
14 34 62.184812307791255
14 35 65.83160668955358
14 36 95.2273913856254
14 37 78.09459846655969
14 38 64.40883487178814
14 39 52.11931534454175
15 16 31.82752580437044
15 17 24.97679276514517
15 18 92.37270154938004
15 19 98.23156980426711
15 20 97.00523509463098
15 21 88.99087519312928
15 22 26.02710304837497
15 23 48.34480867111416
15 24 35.31155530054435
15 25 26.90759656894152
15 26 20.970580260879615
15 27 83.4096485663573
15 28 46.335276459727375
15 29 20.484378009018123
15 30 38.336974669585516
15 31 62.99716767471233
15 32 72.33384594347808
15 33 91.84117181351252
15 34 65.40674207634794
15 35 46.11113321912586
15 36 57.05016888184073
15 37 30.030032666246946
15 38 73.91303838755067
15 39 80.42607033274778
16 17 83.908925303719
16 18 97.91577662468165
16 19 53.305277225189926
16 20 58.06981588112181
16 21 48.123716089716304
16 22 89.87662660039628
16 23 46.65540521846758
16 24 26.777029334616476
16 25 37.698211179419715
16 26 50.298829423154515
16 27 62.77381069293004
16 28 81.88253046695709
16 29 86.3306540826129
16 30 57.6295930700907
16 31 67.8039490268911
16 32 37.04105403706873
16 33 51.90024617794013
16 34 63.90815860582315
16 35 87.46928738246942
16 36 56.16017249162248
16 37 25.65605877515237
16 38 33.64266874442612
16 39 67.93536821260727
17 18 91.81226993257049
17 19 58.625348443160746
17 20 22.250265508477803
17 21 67.05886348941763
17 22 32.51179253125079
17 23 34.15517081460364
17 24 68.46456278578799
17 25 20.52627079670941
17 26 62.67119757736278
17 27 33.00775788009045
17 28 37.74429229125261
17 29 71.57347920682489
17 30 24.24596906792833
17 31 67.20004687868325
17 32 77.13031257699996
17 33 88.04601071000162
17 34 85.3467226011046
17 35 66.66908264228275
17 36 80.81586097690641
17 37 68.656056669391
17 38 43.64469995778647
17 39 60.18291906074498
18 19 52.70704599018276
18 20 20.236803204043916
18 21 39.43390998402407
18 22 74.1513726749155
18 23 22.742962723938813
18 24 95.91478604252197
18 25 49.9309290551793
18 26 67.8966938384239
18 27 58.56119750135374
18 28 53.65667199299905
18 29 61.36103156046711
18 30 21.80205900987792
18 31 47.908037254721236
18 32 93.2817017468732
18 33 85.93585496685249
18 34 80.91844903985759
18 35 73.05176628955732
18 36 24.552195734205924
18 37 62.10175766000013
18 38 70.51540286267029
18 39 89.82357256053517
19 20 33.51484439888041
19 21 36.180248944948104
19 22 91.23683792008994
19 23 26.45423811779814
19 24 41.53024869729545
19 25 86.614463415468
19 26 65.14329148098824
19 27 60.18475794372635
19 28 61.76918403700302
19 29 74.23538204648546
19 30 54.16736622668064
19 31 54.41756539405576
19 32 28.898220754292208
19 33 98.85868622672493
19 34 23.1361817306923
19 35 40.07814927037603
19 36 92.974210338751
19 37 44.3274685787971
19 38 48.905318277215855
19 39 33.49086180400909
20 21 49.93956157159616
20 22 42.4469738560628
20 23 24.295635623484692
20 24 41.27593179926614
20 25 71.5371490865818
20 26 53.570446912428615
20 27 70.20122994154448
20 28 79.90308580380187
20 29 62.367819219041294
20 30 38.528986619753866
20 31 66.94146265278178
20 32 51.80352595296842
20 33 81.06413072683803
20 34 98.40604406056939
20 35 94.54726070560096
20 36 46.380717226252024
20 37 83.01369354621971
20 38 69.05849804545635
20 39 95.52281977347434
21 22 87.47976148988317
21 23 34.66003172861968
21 24 73.05878311959998
21 25 37.43206341952493
21 26 58.570474991280996
21 27 38.00117827902463
21 28 67.4243758116263
21 29 85.32600827500801
21 30 75.22840701636818
21 31 86.70918764173403
21 32 21.209649659133305
21 33 77.38227603624324
21 34 40.742383977218914
21 35 40.038922041973144
21 36 78.50849108205607
21 37 99.74496049976453
21 38 72.48978885840201
21 39 25.200582597042988
22 23 77.90088530034488
22 24 36.0452782370399
22 25 55.76975364656346
22 26 44.37994191168415
22 27 97.38712691524496
22 28 79.27148664442795
22 29 97.74384627883187
22 30 89.0247323226684
22 31 73.65513690374985
22 32 42.17159163420944
22 33 77.20691439544231
22 34 25.874107929009007
22 35 79.22850769091852
22 36 45.92968677751732
22 37 43.69802532079773
22 38 75.35982420432651
22 39 89.57451680990195
23 24 91.08784663037707
23 25 29.315216306421064
23 26 36.76963271525657
23 27 27.141464168454377
23 28 49.1501374795427
23 29 96.78414129078527
23 30 20.060218609074454
23 31 46.03001072838035
23 32 52.29661664482065
23 33 79.9323778799016
23 34 73.1186183614025
23 35 90.62327711203466
23 36 79.73269905337332
23 37 75.06950795137574
23 38 24.070166540726817
23 39 23.213910100014957
24 25 25.232383582507374
24 26 63.72938335351448
24 27 89.14794722471588
24 28 42.78572624766682
24 29 69.10165131707146
24 30 57.81692888782628
24 31 56.834884460383606
24 32 30.814310378152435
24 33 33.496554658682136
24 34 62.0928535715983
24 35 50.8030670243196
24 36 67.86181543821789
24 37 20.566496368579692
24 38 25.68967262191112
24 39 39.100219039727826
25 26 41.20652834160798
25 27 61.20498466411253
25 28 48.688168927483176
25 29 81.5052571547441
25 30 29.252797581500502
25 31 98.35616432306887
25 32 37.67955286319172
25 33 55.768368970343914
25 34 60.6390207137231
25 35 88.40752620567979
25 36 38.72184046291628
25 37 35.97874436199601
25 38 32.902007204868355
25 39 39.29029255997825
26 27 69.29591975621305
26 28 77.34719555015431
26 29 42.19817732970155
26 30 61.93515058798572
26 31 35.76465676013171
26 32 74.48617895044191
26 33 65.02866182561766
26 34 25.070668535075093
26 35 33.923419227607454
26 36 92.71737971220017
26 37 76.64331097446906
26 38 93.53630995695951
26 39 85.39942607179358
27 28 84.81716903315366
27 29 91.07873784029327
27 30 23.490425036060792
27 31 93.60441832122903
27 32 88.54497219207255
27 33 82.26954968822287
27 34 39.676352570367435
27 35 24.570017383277303
27 36 30.693206998768137
27 37 47.422552779983455
27 38 90.10956034149964
27 39 46.60007682691961
28 29 30.01516345306083
28 30 44.454907071117105
28 31 43.000802851252196
28 32 62.05962987402054
28 33 63.7930389356339
28 34 81.60661719911232
28 35 30.783094223335972
28 36 75.50554942756212
28 37 88.24478986359222
28 38 35.873214439708256
28 39 80.83198554605002
29 30 57.33865210082426
29 31 87.77331289363266
29 32 91.66038869679147
29 33 91.11762482592586
29 34 66.79807767430151
29 35 79.98781627741862
29 36 82.07121310266405
29 37 65.79665352722508
29 38 46.34782772646484
29 39 53.16861722154221
30 31 93.24888064952955
30 32 94.53790390225785
30 33 64.38645033219748
30 34 36.71389467962426
30 35 59.31882145184376
30 36 25.38430142058541
30 37 20.29809060182128
30 38 50.22782547392421
30 39 74.32950725538026
31 32 84.98703880010423
31 33 52.17291721514539
31 34 34.06098443114256
31 35 78.53085170590276
31 36 57.34917936301002
31 37 58.4564965730243
31 38 53.829424927968034
31 39 62.2185996746439
32 33 55.51664471217127
32 34 89.21142508722546
32 35 36.93694455547057
32 36 39.60241737147384
32 37 71.08911646981909
32 38 29.571657219346726
32 39 36.799379019730274
33 34 37.15906968991621
33 35 49.01170864427343
33 36 82.24664283765605
33 37 82.81143425686768
33 38 89.45545410082396
33 39 92.28366784124451
34 35 39.163029759854666
34 36 75.27452971684093
34 37 31.01718174717068
34 38 28.60586843932971
34 39 82.20706928146286
35 36 56.2402337184667
35 37 71.7960604251189
35 38 44.67416188186202
35 39 44.23335469973953
36 37 79.78503093672825
36 38 95.02928735910643
36 39 24.063494286708718
37 38 83.71941379009621
37 39 32.51674873843446
38 39 23.60945898310601
