60 1770
0 1 90.98649118471752
0 2 92.37477975844985
0 3 78.49659380123452
0 4 63.277131353121625
0 5 84.12897354986451
0 6 83.34219103214153
0 7 63.09338701984566
0 8 78.04961078697531
0 9 88.56994247568258
0 10 97.3612005261295
0 11 37.160951595587775
0 12 41.58230903326037
0 13 52.711262931914945
0 14 46.52102023544363
0 15 39.54758230556877
0 16 55.36310009409422
0 17 85.73597011661172
0 18 36.944294621637624
0 19 92.93649395873959
0 20 44.083587094779034
0 21 36.53538256328669
0 22 29.039327966203842
0 23 25.523585422236337
0 24 81.49663292563079
0 25 97.66324805189153
0 26 36.6932515695708
0 27 48.906958897017276
0 28 71.12745307468356
0 29 64.82846384585022
0 30 69.5898265651087
0 31 53.35396742448345
0 32 92.42281777126502
0 33 74.60502284908249
0 34 31.431358447773068
0 35 82.92848777526868
0 36 26.33796574296161
0 37 34.5150907969724
0 38 92.03144871711389
0 39 80.71507437885239
0 40 63.27705874006988
0 41 60.56560475318919
0 42 98.4519229680291
0 43 50.85923886024887
0 44 67.15825752160387
0 45 85.00595970796857
0 46 49.74216002198817
0 47 35.11957730343235
0 48 48.99767949191131
0 49 42.13373815429085
0 50 35.13433712184748
0 51 51.6121696507627
0 52 47.38760206003158
0 53 40.51635588474048
0 54 93.7087644489894
0 55 76.45891943195878
0 56 37.360075641864725
0 57 65.33698792460375
0 58 70.94087615972919
0 59 53.17411914645199
1 2 31.901468410866542
1 3 78.92570387820548
1 4 65.26445513169136
1 5 55.941490329165184
1 6 70.90350746890188
1 7 22.8531556882417
1 8 64.4151610219385
1 9 51.73033772883626
1 10 56.548237828821435
1 11 44.15568170038688
1 12 92.97304448951662
1 13 88.15312094573002
1 14 61.356771122067286
1 15 23.202430139728733
1 16 26.602264607131588
1 17 43.19785212109289
1 18 35.742000150429185
1 19 35.36289848307021
1 20 77.58768817791861
1 21 36.21454370887926
1 22 34.91223000961335
1 23 61.24488695970794
1 24 25.190615204174485
1 25 42.1860629698395
1 26 37.4425722514418
1 27 46.31685784668419
1 28 45.86656664940012
1 29 91.7782744852999
1 30 48.826857987786745
1 31 76.21865754937389
1 32 47.59556800482591
1 33 20.6490082372971
1 34 22.884713709524156
1 35 38.58570333702704
1 36 74.28431535751145
1 37 53.242659812180364
1 38 51.46104544705443
1 39 58.77595366838673
1 40 44.81536881690066
1 41 40.67096901021046
1 42 83.38443145313121
1 43 66.62530786919027
1 44 79.30508646799888
1 45 63.790014499414305
1 46 44.757302755022465
1 47 73.24882213122436
1 48 51.16484388916413
1 49 71.76821019657385
1 50 84.54864236839325
1 51 79.81192506623005
1 52 34.9887154691688
1 53 38.65663906968318
1 54 53.86356410288383
1 55 61.146639525241575
1 56 79.14663053536702
1 57 32.439703475014284
1 58 92.76307718452765
1 59 35.09891643859576
2 3 50.44270328011868
2 4 30.13477927837423
2 5 99.44265983599621
2 6 62.34573147474894
2 7 42.29845108787658
2 8 80.03176542019527
2 9 89.86470287605178
2 10 72.07849930426887
2 11 21.82922147813602
2 12 53.27638116862856
2 13 35.88751752642974
2 14 79.74290682134679
2 15 30.219417593758664
2 16 69.26329265752065
2 17 83.40385704577082
2 18 91.1888701325608
2 19 20.066179898206293
2 20 88.56855881239943
2 21 46.490640510294625
2 22 53.469528952300934
2 23 88.30726613169246
2 24 50.43042979017124
2 25 34.06814382799631
2 26 72.02907035749703
2 27 75.73078985235489
2 28 28.728323566539018
2 29 99.33280701497195
2 30 62.874386179609296
2 31 79.68495927223515
2 32 60.23997251910235
2 33 98.89643712144658
2 34 84.94852434155976
2 35 61.30002290675912
2 36 72.4136531068605
2 37 34.18410449687329
2 38 58.289803584574784
2 39 63.56054265008716
2 40 78.66016305083065
2 41 97.47435250158362
2 42 45.24748108786977
2 43 36.229770219188346
2 44 72.57138481931887
2 45 64.49628201193059
2 46 23.468095982541186
2 47 54.504494922811475
2 48 63.028485656472924
2 49 42.926273132644965
2 50 30.4150922835821
2 51 24.861829908108824
2 52 53.7823313749425
2 53 54.37660878524447
2 54 95.45226269377625
2 55 97.08144773503888
2 56 58.26754029982379
2 57 33.30239646699768
2 58 26.254650657105138
2 59 54.33279808425597
3 4 63.15244123857275
3 5 80.05409099851263
3 6 21.799629945229135
3 7 33.71887835124821
3 8 50.284307348302455
3 9 52.858983165080275
3 10 21.07867873855014
3 11 89.13210323327304
3 12 93.41864857324937
3 13 88.56871929429305
3 14 49.31231752461315
3 15 90.72915845454573
3 16 83.46092564781077
3 17 33.106348750090646
3 18 99.24129708795503
3 19 96.78763728136332
3 20 72.91412481920881
3 21 25.264508682689506
3 22 97.39016303035788
3 23 22.79931194105724
3 24 40.95681196644405
3 25 34.87730294757157
3 26 47.57263692340521
3 27 67.69709515351057
3 28 57.85388065760324
3 29 46.148011770450196
3 30 93.82114248839257
3 31 22.109690684029182
3 32 72.51282881061996
3 33 97.8176785006127
3 34 31.85568949585931
3 35 89.76144039403435
3 36 84.27956415446967
3 37 32.07859918399954
3 38 62.70061503212779
3 39 53.87450303379757
3 40 72.52789776098135
3 41 86.58171481118936
3 42 50.95401512705937
3 43 48.87847233963601
3 44 63.78831559610554
3 45 76.04863824508219
3 46 78.72281263150623
3 47 62.63403426919754
3 48 58.6299614598665
3 49 76.05735968045593
3 50 38.037434259333224
3 51 62.06295758604412
3 52 57.490784451595786
3 53 51.40463940604878
3 54 85.2563033885046
3 55 70.44125358557908
3 56 97.17996908855318
3 57 64.0793521346703
3 58 56.10052567209241
3 59 59.72568234944131
4 5 24.651505487398396
4 6 65.23706038822914
4 7 92.60296478383644
4 8 53.63037620690975
4 9 27.08414607611821
4 10 54.73093641208401
4 11 35.65870358021104
4 12 96.99801427929464
4 13 81.19651456942103
4 14 41.45220711424945
4 15 75.3803287186318
4 16 29.325861266681237
4 17 99.5391702931684
4 18 40.40790147049605
4 19 58.894151309539176
4 20 57.09655212538715
4 21 71.84476620096777
4 22 74.6949225296972
4 23 27.263771715678374
4 24 83.81638274696874
4 25 41.02084557217058
4 26 49.805518691672674
4 27 48.75613098314756
4 28 86.77595398096013
4 29 40.055246974583014
4 30 66.94859078694083
4 31 22.700570772160233
4 32 61.7210351162603
4 33 53.16906280359069
4 34 97.32778386930943
4 35 26.55488871977858
4 36 89.05008923062249
4 37 82.00791401689213
4 38 57.61266114761113
4 39 41.24026677234828
4 40 63.1303249761482
4 41 70.81332346935355
4 42 68.13121306761565
4 43 20.624252354619177
4 44 29.256896772878605
4 45 60.594592823993494
4 46 96.76837352165398
4 47 79.71606530401564
4 48 30.689045919585134
4 49 25.816722000269916
4 50 57.34148138693756
4 51 90.87482294750603
4 52 74.70442584217992
4 53 26.08338358590286
4 54 57.380724580916265
4 55 49.03213751462455
4 56 76.5940181854951
4 57 54.68784414519164
4 58 82.40566610847398
4 59 72.101204142883
5 6 58.77012278195
5 7 78.50708230875844
5 8 61.47717597120368
5 9 33.63048476888481
5 10 91.55117259224981
5 11 74.48289647083641
5 12 58.20908834527398
5 13 80.0349171221163
5 14 59.23874469281739
5 15 89.28388875028813
5 16 89.1594811963044
5 17 28.33243727265824
5 18 74.50984469438475
5 19 52.833656902177836
5 20 74.31941566471428
5 21 65.22528844913322
5 22 39.72343278599949
5 23 82.62332221769628
5 24 47.54549782145019
5 25 61.723714764342105
5 26 82.55754994682604
5 27 57.068709766620536
5 28 75.65253027854729
5 29 70.42625670740074
5 30 36.742224444571
5 31 37.3633456117269
5 32 63.2489617722499
5 33 72.54095889120524
5 34 58.116588536053165
5 35 52.93999728311046
5 36 21.04195812573332
5 37 43.46705783881501
5 38 80.4425053199984
5 39 32.95487979526084
5 40 43.20659523885838
5 41 63.4327219106417
5 42 80.43945753978811
5 43 65.6526581045206
5 44 21.511911311808678
5 45 72.21184406774674
5 46 41.854041835540514
5 47 46.6005296820375
5 48 92.35722992147177
5 49 44.19979337138259
5 50 22.22269820747721
5 51 47.9319622342981
5 52 43.80442389411165
5 53 50.73549226404782
5 54 97.64904938848973
5 55 80.04115628107421
5 56 62.05954045108413
5 57 56.93601722070075
5 58 23.316368481289533
5 59 52.792981649197365
6 7 26.777201450195935
6 8 64.35447801863748
6 9 76.87607591656007
6 10 59.031631471696606
6 11 41.65198575474523
6 12 55.14307667226856
6 13 30.89085940365127
6 14 64.13056542889343
6 15 55.04089748313251
6 16 58.70324724569669
6 17 97.09364247570393
6 18 37.01826119679171
6 19 75.39446474369642
6 20 86.41910378426056
6 21 39.32416668257215
6 22 73.97020776470237
6 23 87.4795678091723
6 24 28.570033099498538
6 25 55.61608609440967
6 26 69.30416498099177
6 27 28.552158069822156
6 28 71.48130249589553
6 29 95.87549957408004
6 30 72.81679091024694
6 31 29.56832885420792
6 32 96.50499398695202
6 33 33.409947505411964
6 34 84.32541120845944
6 35 98.3716613962056
6 36 35.56977434302955
6 37 61.17416322424204
6 38 85.96757294701584
6 39 42.638635787808255
6 40 59.7770854007949
6 41 68.14315125402172
6 42 70.28347472348781
6 43 30.26071435242809
6 44 62.91861464117913
6 45 78.0467216639422
6 46 68.28962561770282
6 47 88.21650512076737
6 48 96.45091042286437
6 49 38.79167416016887
6 50 57.33041134101198
6 51 47.59826376536048
6 52 90.68524914995746
6 53 94.96391861254173
6 54 29.98807982876646
6 55 37.1618418526046
6 56 97.11178670470402
6 57 39.14942465296966
6 58 34.49104930268666
6 59 72.02414694009201
7 8 44.780597342071644
7 9 73.31437192737343
7 10 88.65081358183426
7 11 51.56422952752002
7 12 38.32443761657102
7 13 63.453719603802625
7 14 58.006403663208836
7 15 22.179954988472872
7 16 20.244727040497583
7 17 70.61509808499127
7 18 59.52484677532307
7 19 43.078324006719285
7 20 29.08071636726622
7 21 51.622019080861975
7 22 22.182801291746674
7 23 90.00696283559935
7 24 35.49504056746884
7 25 61.17881457762577
7 26 86.03861416216932
7 27 30.08006550312726
7 28 21.858338681082685
7 29 80.96323005794952
7 30 24.447392235355885
7 31 92.2852631733164
7 32 36.14895200145967
7 33 31.149244239305993
7 34 32.003693696625994
7 35 38.055071034544795
7 36 46.87325062921629
7 37 20.481288589044926
7 38 97.22975197109164
7 39 90.86341322597875
7 40 45.26627127288422
7 41 99.82644591130045
7 42 39.525000757915514
7 43 75.41941995285825
7 44 72.17755879682345
7 45 35.2134929501636
7 46 40.714348828770035
7 47 41.35030959512377
7 48 90.9366198766672
7 49 74.87911482596647
7 50 28.271079010592235
7 51 35.30583058073173
7 52 59.8388652084983
7 53 73.58838768711335
7 54 79.19656493086323
7 55 38.0681475037611
7 56 81.6773999423793
7 57 79.7568903402106
7 58 20.73480255120712
7 59 20.235860818728142
8 9 97.88640909610224
8 10 35.431082379340644
8 11 90.63512037259399
8 12 31.559204748887293
8 13 81.50164357993118
8 14 30.591890258648682
8 15 76.28399504546366
8 16 37.870061389471644
8 17 78.75916600688669
8 18 44.181408451286444
8 19 83.96034565853967
8 20 68.43757122663146
8 21 41.05616006587962
8 22 36.91764499185345
8 23 75.12867318144927
8 24 49.96723979128164
8 25 50.53073320642115
8 26 69.97532101244336
8 27 47.2313846233141
8 28 26.175122337678395
8 29 44.731589180329436
8 30 27.989971620552467
8 31 90.54905360025361
8 32 23.801917999124747
8 33 30.663979309298412
8 34 73.17867691264306
8 35 58.43306116550977
8 36 62.41283637681158
8 37 35.715614368189385
8 38 89.88764847059196
8 39 80.31512289099675
8 40 45.608284017563754
8 41 66.6406130609336
8 42 86.55569466889023
8 43 98.28740874772052
8 44 36.384591039174694
8 45 55.19715301164571
8 46 83.02560373690014
8 47 82.85337223039781
8 48 53.81069317921471
8 49 96.71724607285591
8 50 74.10027140177903
8 51 88.04400410208702
8 52 36.51103330289591
8 53 97.4890679631116
8 54 62.17894599585441
8 55 66.84183569558567
8 56 65.11181163176425
8 57 52.53936964493774
8 58 67.63019882236405
8 59 76.39411664572174
9 10 34.126858398151036
9 11 46.09237401498345
9 12 22.81468767314367
9 13 61.817456914705026
9 14 33.93760110049436
9 15 73.66367212683406
9 16 35.9918137865901
9 17 61.93910972219933
9 18 38.087449026297165
9 19 58.80510884070888
9 20 42.52792188049767
9 21 85.71917000403957
9 22 78.16037645115301
9 23 30.945809324387916
9 24 63.10337211208449
9 25 46.96698511023838
9 26 54.25279230207654
9 27 87.22301913422234
9 28 51.52062525157034
9 29 33.12922279280447
9 30 45.21213556480966
9 31 83.11750717293577
9 32 98.62916647866939
9 33 98.79179854027169
9 34 97.39151350368958
9 35 92.60304451587112
9 36 87.89399320797001
9 37 62.940264668647075
9 38 44.41223357060501
9 39 66.56815804206957
9 40 90.42650707970172
9 41 74.91806822539938
9 42 42.705699599032265
9 43 32.86578314866851
9 44 72.1618551798843
9 45 59.10335807762196
9 46 33.63608128960105
9 47 61.408463161019746
9 48 80.31946938540906
9 49 37.69376175774045
9 50 27.20333206713205
9 51 86.64833175563771
9 52 44.26992608255654
9 53 50.23472083517487
9 54 88.58054472217053
9 55 64.37193575831061
9 56 58.9927319742734
9 57 31.318567570120344
9 58 82.47978683474382
9 59 56.25519183902388
10 11 26.770951940791107
10 12 79.22685650437278
10 13 95.16815816280798
10 14 66.68364423032423
10 15 63.92583502914636
10 16 99.83790435576006
10 17 65.00264409449215
10 18 47.10082390915143
10 19 85.46001211604438
10 20 66.7226765020429
10 21 84.09805065662769
10 22 62.364612334059885
10 23 68.59392142560708
10 24 33.42954786316462
10 25 38.33912424447302
10 26 80.74985377307043
10 27 36.547403397707114
10 28 24.70827886223549
10 29 23.641779584436247
10 30 57.05612001058498
10 31 29.722474832124533
10 32 63.774028845607155
10 33 45.479424169429585
10 34 74.8039543329029
10 35 76.65082652053383
10 36 77.62010694585743
10 37 32.970985984061144
10 38 57.390297622758155
10 39 59.670223917473976
10 40 72.71494163405805
10 41 95.32751119764795
10 42 80.7126170619334
10 43 30.358685779627265
10 44 86.34161864774573
10 45 71.27601101809711
10 46 95.13721518820547
10 47 70.54230610083175
10 48 86.01106175608021
10 49 83.68923387022281
10 50 79.31389924325028
10 51 28.49384021935432
10 52 29.84592048736367
10 53 46.14479005634253
10 54 71.135100175822
10 55 20.842744363060497
10 56 52.32235013280777
10 57 47.01803492098418
10 58 85.1206327146008
10 59 74.26600601372193
11 12 56.4347655891691
11 13 80.87932752390257
11 14 57.599077321118415
11 15 23.39534980911079
11 16 38.082660316872996
11 17 75.73200250947535
11 18 57.80818714316314
11 19 82.48832591759404
11 20 62.03863265559754
11 21 54.12054236214968
11 22 61.17398245860927
11 23 52.33529711051726
11 24 95.90135629648599
11 25 92.61331418298023
11 26 53.02622381794892
11 27 73.38528625451117
11 28 99.91712014362861
11 29 60.83082158110791
11 30 30.142499895428223
11 31 86.6288283599985
11 32 50.18895418275231
11 33 95.63168005257216
11 34 97.98294096303744
11 35 75.58359785712739
11 36 81.73643321837565
11 37 22.437340435674862
11 38 45.82320368893463
11 39 44.03943424445238
11 40 71.37923350028831
11 41 26.45901441421242
11 42 75.75057592728653
11 43 46.35315158163525
11 44 86.20345389686564
11 45 34.372103179418765
11 46 67.6328692646766
11 47 70.3960939687112
11 48 89.22511520296075
11 49 78.71929051650491
11 50 64.12902511226144
11 51 85.51798477420722
11 52 80.8000786955022
11 53 64.63775390502212
11 54 42.76672578049991
11 55 61.69861731598012
11 56 58.7156175032639
11 57 92.13903829619481
11 58 59.90337828313575
11 59 61.2018322494272
12 13 60.972100090516776
12 14 84.04221576390566
12 15 84.00702846276337
12 16 89.47472170866058
12 17 42.59600352223488
12 18 96.06506849842016
12 19 27.863602813364157
12 20 92.4657405240339
12 21 78.59452691753421
12 22 88.60687726036647
12 23 68.65960721419765
12 24 97.40620686129321
12 25 80.48697644626377
12 26 24.05203883490764
12 27 47.366768496979326
12 28 78.65875724338306
12 29 99.89019674405489
12 30 29.99639146757735
12 31 69.0704329884448
12 32 92.07540319008406
12 33 66.39109274649891
12 34 31.459016915074898
12 35 99.58798495047566
12 36 98.4962693963878
12 37 73.11646301740907
12 38 91.08372132977576
12 39 73.7466395096414
12 40 88.03950057989216
12 41 53.191888802315475
12 42 64.99075577903679
12 43 78.01700379880181
12 44 50.06511096609043
12 45 53.86838624070813
12 46 95.68069288683407
12 47 47.37079679691927
12 48 98.39828309075256
12 49 28.66964875010609
12 50 45.300478235083965
12 51 78.7884010412103
12 52 74.87916319744659
12 53 33.57943357268219
12 54 49.47089232553611
12 55 91.23010888325132
12 56 27.41070214692586
12 57 25.901461252008815
12 58 78.84577669683287
12 59 75.35057306362222
13 14 83.56150748851846
13 15 86.78990149185155
13 16 59.03107852156183
13 17 56.47503429556651
13 18 97.07616937941124
13 19 63.56129769237626
13 20 65.41576383536517
13 21 48.220188703382654
13 22 53.03493717938446
13 23 86.61117636206296
13 24 64.41419910531357
13 25 84.56666539029985
13 26 34.1482344256059
13 27 39.40767929825483
13 28 44.66176762772758
13 29 65.57847638569501
13 30 33.21056856231866
13 31 70.92479809040309
13 32 74.31708873287428
13 33 77.90700356579333
13 34 54.04983911029766
13 35 28.03164350983483
13 36 82.24244366584998
13 37 45.75684635333158
13 38 55.13020847948763
13 39 95.31057877866262
13 40 89.40564482919625
13 41 90.20026883826546
13 42 51.71567471098751
13 43 83.77614493371917
13 44 74.31853642496161
13 45 86.2781907920129
13 46 82.29939845105135
13 47 36.84941379287782
13 48 99.2626743396683
13 49 41.30242062238377
13 50 71.75168559975539
13 51 65.9170566248111
13 52 93.56454251800996
13 53 59.742667437219296
13 54 93.03055314079828
13 55 33.90678307097499
13 56 34.646011262194875
13 57 21.504697156423582
13 58 59.573004854895224
13 59 68.49326850100134
14 15 98.81799134446165
14 16 50.52439318458818
14 17 87.9019585281849
14 18 83.98620101679128
14 19 74.4501579637453
14 20 79.09509150353088
14 21 89.99978783322248
14 22 38.600249864750005
14 23 82.7556400723357
14 24 23.071405792888868
14 25 77.06712360588755
14 26 85.13536291810613
14 27 74.82124416757429
14 28 63.45650958701678
14 29 98.035202112129
14 30 36.943718355728414
14 31 89.64952159926183
14 32 70.5869182283618
14 33 69.29458770570297
14 34 20.76580788649388
14 35 85.17146483648001
14 36 26.19057957600333
14 37 79.89602520747738
14 38 63.5981149675294
14 39 38.91627651112359
14 40 46.37701849192026
14 41 51.67918955107841
14 42 49.885871655212824
14 43 68.75858888602234
14 44 93.35692449428143
14 45 55.676279906440826
14 46 31.522264059020042
14 47 80.82258687100563
14 48 84.40622012583682
14 49 45.42663700945671
14 50 62.982324080783236
14 51 49.10024506385231
14 52 82.4409090386733
14 53 30.91400967856698
14 54 64.34260827962832
14 55 35.27285116403482
14 56 91.99971991111292
14 57 35.76974933100792
14 58 83.80072945417388
14 59 77.86148926592638
15 16 55.16588935831372
15 17 60.77167564983384
15 18 55.78147015993737
15 19 35.02373599767715
15 20 31.487802244366474
15 21 68.14603711741584
15 22 30.07470425408129
15 23 73.57095021429593
15 24 32.77416534350891
15 25 41.1945606787138
15 26 41.917518693590196
15 27 81.60641245529997
15 28 70.4145365418293
15 29 65.84878740804669
15 30 24.265935403942322
15 31 31.29899031848783
15 32 27.557622738868393
15 33 48.87822331623247
15 34 71.28533674813734
15 35 47.6836303607258
15 36 21.710390172378293
15 37 60.14480814137525
15 38 35.4997766245605
15 39 70.20011052002042
15 40 85.66887635650306
15 41 70.18510834510883
15 42 51.40591494961117
15 43 77.10490609700668
15 44 51.96648185973997
15 45 61.97398079292563
15 46 37.56316852862541
15 47 29.992089240560613
15 48 86.88482948590686
15 49 61.295986722425795
15 50 82.72522925064288
15 51 33.72913954515481
15 52 30.107919256962496
15 53 74.80100414349698
15 54 78.22819376885035
15 55 50.204288609119104
15 56 40.77272258571135
15 57 28.6967565426703
15 58 84.35095248351652
15 59 47.285970365940635
16 17 36.41624611725527
16 18 59.22637848575357
16 19 52.88668167218509
16 20 80.41181816223161
16 21 99.39365825354601
16 22 80.00878451583893
16 23 48.26628250125117
16 24 84.43956108059425
16 25 34.94624409781793
16 26 62.096886909699606
16 27 20.160605520592078
16 28 81.2143565573109
16 29 55.66777713092782
16 30 91.60462852826163
16 31 57.672673727296754
16 32 63.53932025505476
16 33 58.33406986719183
16 34 24.530266439606194
16 35 59.469136687197626
16 36 99.48424244410683
16 37 92.54299458189628
16 38 93.64371973166219
16 39 45.06631051691362
16 40 30.522995992870268
16 41 25.211609508904242
16 42 68.00891191913865
16 43 75.71800907188899
16 44 23.21783972128386
16 45 48.20222162841381
16 46 94.57353901157651
16 47 31.609376611331108
16 48 30.683457059541624
16 49 26.398675852278544
16 50 48.32588031113267
16 51 22.00419707619316
16 52 78.44402199899709
16 53 73.2548617856415
16 54 34.79952969790905
16 55 95.9934509378092
16 56 61.42586626642226
16 57 86.38077780921681
16 58 59.36477055106168
16 59 56.67257005886875
17 18 85.81383654874273
17 19 50.63708945003023
17 20 60.13619338132188
17 21 22.60411504016708
17 22 81.92478196514413
17 23 36.72795318726722
17 24 23.40292907699809
17 25 81.50315583171431
17 26 91.98992881282182
17 27 24.834499789577116
17 28 53.257145936421395
17 29 65.61441185353448
17 30 99.71944820602414
17 31 87.06117640204884
17 32 91.39392921057522
17 33 75.37796376354498
17 34 66.46791402022151
17 35 90.76133144732532
17 36 86.31591322338492
17 37 37.624209857274444
17 38 97.22377934067181
17 39 58.50649371696793
17 40 88.04543507550433
17 41 90.6326658972424
17 42 23.176667220702527
17 43 42.04786925369007
17 44 29.7630952261963
17 45 48.1220618489884
17 46 22.785724097915462
17 47 44.38421919689852
17 48 88.41877379714883
17 49 50.381180804502236
17 50 51.066602341859195
17 51 60.0848580490253
17 52 38.571881102954244
17 53 70.56735659059734
17 54 88.5278714980414
17 55 43.98448449856715
17 56 68.7580499997188
17 57 33.91947365222708
17 58 30.03023659654712
17 59 72.2636192739514
18 19 25.182603535879622
18 20 81.20416060231884
18 21 54.96590575813812
18 22 95.04699944688939
18 23 36.0807813489851
18 24 68.66070215885016
18 25 79.86126214814968
18 26 42.43306090000666
18 27 72.90443077656107
18 28 65.72381253273812
18 29 92.62336879548715
18 30 20.340151724570134
18 31 60.20991114630913
18 32 28.46854201456943
18 33 58.964045630981765
18 34 38.14133093684028
18 35 67.91829237679238
18 36 58.67978817944067
18 37 51.46264971532847
18 38 46.73884126073578
18 39 21.75261971791865
18 40 99.51798653516882
18 41 20.47735594478879
18 42 23.899685490071604
18 43 46.681194734789344
18 44 57.155234475768765
18 45 69.63414157524713
18 46 94.62626203904381
18 47 45.14813683712198
18 48 33.748248167335035
18 49 62.28472098035592
18 50 72.47545361312997
18 51 74.95639240867055
18 52 29.790139378872745
18 53 55.75616064814889
18 54 26.47510685309003
18 55 23.07761618134064
18 56 98.58986872292394
18 57 72.03449874734312
18 58 99.07472324568474
18 59 62.35645354669269
19 20 89.55647858911259
19 21 21.854109876815137
19 22 57.41256877189472
19 23 25.743747351329063
19 24 69.9691456346977
19 25 44.10046667597104
19 26 20.109031247890563
19 27 22.36397994908809
19 28 22.879379872648276
19 29 32.84272527557778
19 30 59.6963848309741
19 31 67.43581620414112
19 32 36.876143775521264
19 33 56.44848385422301
19 34 21.264103228357094
19 35 76.45174567777667
19 36 95.599692907469
19 37 61.48372787836899
19 38 40.81853381552783
19 39 98.20477601985895
19 40 76.0934689081014
19 41 28.643355232279166
19 42 23.773336443296067
19 43 24.53504395652714
19 44 48.70754053770871
19 45 67.13150833567278
19 46 94.18271467225937
19 47 23.824159869645925
19 48 21.667201826180367
19 49 77.20179049314761
19 50 98.08822315812893
19 51 35.14889246642401
19 52 20.821781357922706
19 53 71.32318056092296
19 54 26.346035007360147
19 55 94.28494125974731
19 56 52.940320595190556
19 57 74.15470190104494
19 58 77.8865635153283
19 59 91.13186072806494
20 21 51.540722113380156
20 22 52.66378935121908
20 23 96.84274446277468
20 24 81.24610622816513
20 25 73.39038277413928
20 26 46.67931698410691
20 27 82.05456515546108
20 28 75.1578474310588
20 29 42.4216216386707
20 30 71.96307585010518
20 31 46.192797201744455
20 32 68.84228910670069
20 33 33.02336635146822
20 34 54.03281060000828
20 35 26.607774590698156
20 36 46.45475875308715
20 37 53.25104148836586
20 38 43.096607032117696
20 39 72.83226666442029
20 40 87.23457478665979
20 41 67.84209671540437
20 42 23.533173572203783
20 43 77.58685112455251
20 44 62.53218193898553
20 45 43.663505813277624
20 46 43.06255477797517
20 47 25.788884053723233
20 48 42.61221850324611
20 49 31.401203056712063
20 50 42.15205482155035
20 51 73.01821100037671
20 52 42.27089445779916
20 53 95.51600982037994
20 54 67.05274646653895
20 55 55.5911127315664
20 56 46.03140677760066
20 57 64.63212204907546
20 58 37.596469645343696
20 59 41.46046239527905
21 22 31.326503125366322
21 23 87.40859682075168
21 24 48.60064481273185
21 25 55.530321899900166
21 26 23.831551133131484
21 27 45.01784193894224
21 28 94.71806014186855
21 29 70.21765453710142
21 30 41.219175907829026
21 31 33.16444307656017
21 32 66.59213983897826
21 33 87.30003774867251
21 34 29.628877658226955
21 35 61.83863367088918
21 36 31.482997252047767
21 37 29.24722280242868
21 38 62.17306252061547
21 39 81.59113611369719
21 40 67.67196972511427
21 41 67.29447309047947
21 42 25.094117796025053
21 43 56.220513872270075
21 44 70.3831678446883
21 45 42.07106302045082
21 46 70.51116635105394
21 47 53.179898577039665
21 48 90.35654010655085
21 49 60.97566341166589
21 50 39.371340243420825
21 51 41.114730533233356
21 52 83.32637280824162
21 53 74.86386267548768
21 54 92.97802771710015
21 55 68.1012676352675
21 56 37.874471563031264
21 57 69.57357550445265
21 58 38.13152367849733
21 59 76.69646945344901
22 23 83.38655672851992
22 24 59.153371799973456
22 25 66.5010812898173
22 26 73.71816894305117
22 27 90.02013034163829
22 28 84.79231502849815
22 29 66.25797294245679
22 30 39.39441437731358
22 31 79.50024811675472
22 32 90.42042233646028
22 33 62.72581942104119
22 34 35.99917918581521
22 35 82.31013415421754
22 36 41.25759630552851
22 37 85.92195946880695
22 38 22.950320595519127
22 39 42.307678453287295
22 40 83.95055364789692
22 41 74.90461675567332
22 42 46.54606334585264
22 43 29.614686515360926
22 44 38.58278062635382
22 45 53.48060566442726
22 46 51.509239915355806
22 47 44.73621169358503
22 48 98.99183865953663
22 49 62.99745848588641
22 50 62.78421324763158
22 51 61.4372184268374
22 52 46.537910107036886
22 53 59.29203368936034
22 54 66.15053875866144
22 55 21.033836919260356
22 56 82.21132424978805
22 57 68.71244051461508
22 58 75.52145117525558
22 59 86.352443415764
23 24 52.7449857287679
23 25 99.57042755178054
23 26 47.51583754778685
23 27 54.162046531638666
23 28 90.86251095436084
23 29 52.24973914183528
23 30 86.25664876142108
23 31 23.05206457203009
23 32 68.01795929626155
23 33 25.80990270049913
23 34 89.41442170442795
23 35 29.730371853283035
23 36 85.23893476366226
23 37 88.64111894864286
23 38 66.84641271595834
23 39 64.79134784277528
23 40 49.39526238325784
23 41 79.36099941651563
23 42 67.72067168886835
23 43 79.05547565995943
23 44 61.285927195385774
23 45 31.132166479019734
23 46 49.35303071784176
23 47 98.60601671814756
23 48 68.96119003944102
23 49 32.451393052966296
23 50 27.61334829403916
23 51 74.80107215784449
23 52 81.12434201851215
23 53 50.302807069764455
23 54 77.8726420452894
23 55 70.52835273488976
23 56 45.95575509297865
23 57 52.27516337141495
23 58 59.53243890506623
23 59 49.78652775288903
24 25 61.9686960395185
24 26 82.81931906670275
24 27 78.9688610697531
24 28 62.63122832494769
24 29 69.31416561541928
24 30 92.94352285997974
24 31 64.46286343654742
24 32 22.82882160036258
24 33 91.97618312112311
24 34 83.99127576255351
24 35 66.87138255846048
24 36 79.83732697920175
24 37 40.806446403148044
24 38 68.96729621721002
24 39 78.1307428008009
24 40 71.2883641619513
24 41 80.89138138978551
24 42 29.84582911791592
24 43 76.92265525726798
24 44 78.2734877882423
24 45 33.11196454749077
24 46 40.185072811145794
24 47 82.03766445436872
24 48 83.96151524428853
24 49 81.37035485724363
24 50 66.16073775594492
24 51 89.4741550536056
24 52 67.58564908000973
24 53 91.02050180384354
24 54 78.1357335376363
24 55 30.18438780380378
24 56 36.75250068944145
24 57 39.37032634991145
24 58 24.153610713300253
24 59 44.45163772770138
25 26 89.53789455997683
25 27 24.993775292217244
25 28 85.59616105187459
25 29 72.43236021469457
25 30 77.45584152563423
25 31 55.526565206147296
25 32 62.07444022433953
25 33 26.400465738431087
25 34 35.692547347939595
25 35 25.548587195943426
25 36 33.94043572495203
25 37 21.606233146775942
25 38 55.32141980786292
25 39 35.74300079001439
25 40 72.3470321926988
25 41 87.27788943055717
25 42 39.350324956354505
25 43 95.58509876590472
25 44 82.66368849672321
25 45 72.28407743717247
25 46 84.40733500685451
25 47 20.561335979425486
25 48 32.116302409090444
25 49 29.138994426399094
25 50 78.67015878195596
25 51 65.05619010453141
25 52 65.15902895296423
25 53 58.356079895256656
25 54 29.829499509718485
25 55 76.58780974621507
25 56 25.153247154444074
25 57 25.312534457404794
25 58 36.380424384795035
25 59 34.818326508413556
26 27 55.89912076296626
26 28 28.529345830759087
26 29 67.01860470282153
26 30 45.637572501943
26 31 69.67970847098235
26 32 61.01359903907873
26 33 41.230155989047276
26 34 89.24996671007497
26 35 48.370614459698174
26 36 55.571898452552006
26 37 49.97250436081337
26 38 72.78455915593142
26 39 82.55724610745006
26 40 26.69108493552126
26 41 31.840155223991875
26 42 48.35281860907387
26 43 74.73110925897156
26 44 78.75400321161575
26 45 95.3866244120117
26 46 67.7936531021512
26 47 48.46574336148655
26 48 26.651051494634245
26 49 54.70159385269461
26 50 55.14668022299041
26 51 55.83044875661085
26 52 57.828705524012946
26 53 50.036584836158084
26 54 93.47603730498649
26 55 55.139343499278304
26 56 96.88791631656028
26 57 81.14626671004078
26 58 95.33704415859206
26 59 29.519518643364442
27 28 95.89821131989405
27 29 40.17430484069608
27 30 68.305672430725
27 31 89.66801436882845
27 32 55.63040886550786
27 33 51.26408168699022
27 34 47.643373968889875
27 35 75.05315607431567
27 36 80.9548724422115
27 37 50.90852772267175
27 38 98.1833291762043
27 39 75.1632232901478
27 40 44.45097081715353
27 41 88.34724307734331
27 42 93.6804911382192
27 43 97.05365611039636
27 44 86.66453888909875
27 45 23.92124890896241
27 46 38.9922349757563
27 47 71.28005452486738
27 48 47.55661295930547
27 49 92.79440701017377
27 50 79.83844549900321
27 51 50.62042754477431
27 52 25.104061459216176
27 53 52.93700996092711
27 54 40.060855170480195
27 55 38.22534794106271
27 56 80.90365095420754
27 57 40.50811442377869
27 58 40.054619005551544
27 59 45.40771403758371
28 29 33.725523639976565
28 30 84.69678158781164
28 31 91.00876750883705
28 32 71.05988990378174
28 33 23.09852460492263
28 34 38.86437641553776
28 35 79.70546380505272
28 36 74.78794145439967
28 37 96.34649948332788
28 38 86.90073177281973
28 39 66.82059269876099
28 40 52.18398488476037
28 41 57.92665298905636
28 42 20.69037573916421
28 43 85.20421782493322
28 44 85.05468656381716
28 45 61.662607536064804
28 46 34.360711012557815
28 47 58.67203921900245
28 48 62.705533839944366
28 49 99.66900766147364
28 50 34.79105987060832
28 51 79.15554417504308
28 52 35.67981498605544
28 53 30.868461544809918
28 54 64.64304973095504
28 55 33.72013975209381
28 56 94.23316589131902
28 57 67.9691895820072
28 58 57.11864063682671
28 59 29.494770088970192
29 30 48.03041453918843
29 31 43.54723072339496
29 32 55.06294134732834
29 33 29.45960615714653
29 34 68.96639922682446
29 35 63.997876917538704
29 36 76.37191175088023
29 37 57.006895403001366
29 38 71.39239027794429
29 39 97.43759487682189
29 40 43.72375605744597
29 41 84.47724460360031
29 42 90.7284016592788
29 43 64.10416672304997
29 44 95.97044951763198
29 45 99.72841716603494
29 46 51.988009089425454
29 47 77.45302891446306
29 48 79.35995291774152
29 49 96.20268259484925
29 50 87.5579138049831
29 51 72.31984673098783
29 52 87.93419923269249
29 53 31.77189136996171
29 54 70.10259605100416
29 55 75.55452068184582
29 56 81.89279290116994
29 57 32.643193080189555
29 58 78.36813778914686
29 59 85.62924503226272
30 31 67.2403847683097
30 32 56.76635806849538
30 33 61.05095821146626
30 34 36.20217799275978
30 35 29.717631347216038
30 36 49.750244595697836
30 37 24.00073577791605
30 38 58.82224479504149
30 39 46.88517382128586
30 40 20.338164625506494
30 41 43.254004972805106
30 42 62.34305823961773
30 43 29.870530159786526
30 44 84.31484717125406
30 45 48.3796840786553
30 46 64.47220576583328
30 47 96.18790621564575
30 48 63.268045306527334
30 49 23.631354354885215
30 50 58.86002963609847
30 51 69.65051523182925
30 52 58.96565699450099
30 53 61.58115695647679
30 54 80.38756694208766
30 55 86.41497935425402
30 56 92.8573431214894
30 57 33.14965817270124
30 58 42.462816851543735
30 59 54.14681972888079
31 32 79.80116124285419
31 33 87.9571809693685
31 34 23.54982957399569
31 35 98.18676449309352
31 36 39.98186024496298
31 37 83.96512203458741
31 38 67.63762029746627
31 39 85.5717160285314
31 40 78.50570602168837
31 41 24.082384401028207
31 42 50.37188773895704
31 43 69.43678420008288
31 44 97.14446169967746
31 45 85.26306558283675
31 46 76.18521813407212
31 47 69.38113455574126
31 48 51.911431783857644
31 49 98.52420261742871
31 50 79.27967583677403
31 51 87.17697562616614
31 52 25.3275246000696
31 53 49.99706453095656
31 54 22.24310543315209
31 55 48.993400657008095
31 56 74.5152903291754
31 57 42.06874519867854
31 58 68.80391597680554
31 59 54.13239784233666
32 33 79.1437519607899
32 34 78.55008342853816
32 35 24.768559280288514
32 36 28.670591990383116
32 37 24.801134491558294
32 38 51.012613364448626
32 39 22.268143650752982
32 40 73.02098015012768
32 41 94.04595719297835
32 42 26.57459492139422
32 43 32.728038196225995
32 44 96.778163372436
32 45 73.04249420696141
32 46 88.9499852426625
32 47 79.51813110512957
32 48 47.34186034356621
32 49 42.959000579790256
32 50 27.083531293582688
32 51 23.474209935173953
32 52 58.45520884097112
32 53 21.095776516643383
32 54 36.26304389081169
32 55 26.803280183203277
32 56 37.419791128034845
32 57 81.8483926687008
32 58 93.15662308305744
32 59 99.48168776495666
33 34 96.91104739282343
33 35 90.88817690666916
33 36 61.55808853247016
33 37 35.054668727913224
33 38 34.24932519309857
33 39 70.95700662557049
33 40 44.429194106189456
33 41 86.1943547094569
33 42 88.3064727428143
33 43 40.150286018866026
33 44 93.2096467533112
33 45 46.63801225083601
33 46 91.87744261692865
33 47 49.58167561253133
33 48 67.70913998367068
33 49 76.955265292361
33 50 37.144154575904594
33 51 46.1825451427189
33 52 72.96924722049377
33 53 86.21412210259658
33 54 56.795690657602094
33 55 56.85977125073745
33 56 54.911328532287136
33 57 46.623525960360546
33 58 42.912173598582505
33 59 54.77139755600615
34 35 79.30422427843243
34 36 29.923177782583224
34 37 98.3423700703238
34 38 36.654388348286716
34 39 63.75368836971977
34 40 26.101236810150468
34 41 96.39536565971318
34 42 59.92803692579705
34 43 97.48832774576492
34 44 50.966983003140776
34 45 96.15496876964613
34 46 36.33972552347883
34 47 41.422273663053545
34 48 26.545894707741937
34 49 54.84342742335619
34 50 90.85920606344902
34 51 66.87914812177927
34 52 76.66944939264312
34 53 48.79628148170728
34 54 29.07799011588679
34 55 38.21156310940079
34 56 65.6852365148498
34 57 88.89682179983764
34 58 31.203720060667457
34 59 79.7067508824262
35 36 29.107666372951932
35 37 64.12782687887557
35 38 84.52812739957102
35 39 94.73303480963202
35 40 21.683072863927837
35 41 67.38782309160722
35 42 68.63849020920216
35 43 32.58129106271684
35 44 57.53927231118815
35 45 53.09726301018764
35 46 93.8544628368629
35 47 98.97821051097331
35 48 20.178222178434737
35 49 31.09544101810239
35 50 30.554853109107228
35 51 54.09272402452096
35 52 46.90311918590797
35 53 34.43298129752633
35 54 73.82750765020589
35 55 53.39017533367445
35 56 46.34024778471571
35 57 43.13629134182213
35 58 78.36160745940475
35 59 84.4965296478752
36 37 53.144322833649525
36 38 78.80874295104259
36 39 79.8274691773849
36 40 87.39935494553323
36 41 33.20420469520443
36 42 24.604156176518835
36 43 69.66747714337873
36 44 33.83963547985854
36 45 26.845084949294453
36 46 22.9488570292295
36 47 44.976630642951974
36 48 79.75262614664449
36 49 27.461624668147337
36 50 39.5970944116356
36 51 84.20456051569433
36 52 95.1512702727647
36 53 38.35694174372266
36 54 38.620205229304105
36 55 52.62592753589303
36 56 54.77305156050682
36 57 52.25867185180309
36 58 75.7220435968112
36 59 64.37099732605405
37 38 80.26966970816612
37 39 29.646306110740372
37 40 26.3623422528382
37 41 35.26469765653577
37 42 25.18030423897601
37 43 53.4456318564508
37 44 39.706100991715736
37 45 81.74086905450642
37 46 63.677016567464534
37 47 99.2140134243018
37 48 88.99893137689642
37 49 36.38765316906381
37 50 57.08168177781499
37 51 37.905184921078956
37 52 52.04536795196689
37 53 65.95312636053357
37 54 69.76328299416554
37 55 37.470118460408585
37 56 86.02425271574184
37 57 27.34300616937764
37 58 53.985065942727424
37 59 50.496194437888484
38 39 29.59637794034797
38 40 64.35989917193471
38 41 89.44923870466606
38 42 37.65356350781577
38 43 35.23569633745417
38 44 81.44258756776897
38 45 40.72573433177063
38 46 60.019429939151564
38 47 36.68726499709378
38 48 70.45478305588752
38 49 21.423281884004837
38 50 40.84940214026008
38 51 64.42740900659514
38 52 58.831643460472655
38 53 95.53733675025379
38 54 71.59419933942262
38 55 80.78657044617724
38 56 37.02779607586547
38 57 37.17474530848855
38 58 98.69918005573682
38 59 62.65999746763728
39 40 53.956049624007285
39 41 87.09181600595068
39 42 50.44872809856102
39 43 55.96697104899082
39 44 88.037660181873
39 45 67.26305312163842
39 46 97.85411969926645
39 47 70.67454385381737
39 48 37.5579542058543
39 49 34.583841235976294
39 50 74.14218806203081
39 51 79.56989105334506
39 52 57.96934765230151
39 53 21.93683996823701
39 54 33.10556082700035
39 55 39.629343718519195
39 56 43.145102851688094
39 57 42.89817369058858
39 58 57.312738592640486
39 59 58.035303452730965
40 41 82.27821170175724
40 42 63.349575520335875
40 43 94.9438764417887
40 44 94.70012797810693
40 45 69.24178638040567
40 46 79.1285426494619
40 47 43.87528684974151
40 48 75.61288609103478
40 49 23.838457040644585
40 50 66.38881483733584
40 51 44.9707742065133
40 52 22.68011543898453
40 53 38.02570957610498
40 54 40.56998147018896
40 55 37.72472643191649
40 56 26.53927868420712
40 57 81.30847965229123
40 58 60.03988144026274
40 59 66.43954012455625
41 42 73.67475887504834
41 43 77.38862621417964
41 44 26.98949063084788
41 45 36.91167683552468
41 46 26.797357862861524
41 47 22.525476433116758
41 48 86.61739082910216
41 49 89.98468926253969
41 50 34.97849222119307
41 51 82.99501634502147
41 52 79.23655765016868
41 53 56.50113732230107
41 54 93.75466900240396
41 55 37.53968974110368
41 56 21.50580076659356
41 57 69.00458012621606
41 58 95.84451077407488
41 59 91.3213819805853
42 43 36.92202685634769
42 44 56.135177160439305
42 45 70.27263058171022
42 46 56.97300982079425
42 47 95.81864954840788
42 48 23.491129088302934
42 49 35.39861832333071
42 50 97.49949116032546
42 51 35.19097836499769
42 52 87.27311014347598
42 53 84.48265224433156
42 54 89.48961639264685
42 55 20.070944789713963
42 56 62.97311129985581
42 57 33.71278119028868
42 58 40.21610018579351
42 59 24.162777289692954
43 44 55.029564037896336
43 45 65.46231717328054
43 46 72.310168242009
43 47 55.39530229640854
43 48 71.39254838762307
43 49 97.2660688681425
43 50 98.26621200326075
43 51 54.73979844609188
43 52 38.16459850682881
43 53 38.947670118894635
43 54 38.20232960676826
43 55 24.26875397485035
43 56 95.93139044405756
43 57 75.90834385282963
43 58 21.244143280271793
43 59 29.489658901391707
44 45 78.33427589698445
44 46 77.63911479613567
44 47 87.56032158293208
44 48 60.9267815971128
44 49 91.02907485999994
44 50 22.086253307627963
44 51 76.16596156785918
44 52 34.219518987775615
44 53 46.585946420745465
44 54 66.57530992356033
44 55 93.36048138347932
44 56 85.8975464294845
44 57 97.96885756753758
44 58 49.13542487717274
44 59 69.66260834342621
45 46 73.70362749620196
45 47 48.55466132858997
45 48 89.61298026610979
45 49 32.87756377053141
45 50 92.28607914829507
45 51 51.95376689795432
45 52 74.88707455381702
45 53 37.211255644193855
45 54 47.64464578781979
45 55 71.39181896190279
45 56 32.84420277278152
45 57 93.59339747568664
45 58 48.17580682558471
45 59 83.498381874554
46 47 61.63110522976834
46 48 65.75432901653764
46 49 46.396666183622834
46 50 80.50061244223421
46 51 43.012443208461626
46 52 89.23355772991407
46 53 42.98407830074366
46 54 26.19267020830157
46 55 70.68386080039812
46 56 33.18303188174138
46 57 68.30962749012585
46 58 22.3708579335129
46 59 86.29862244757582
47 48 88.37150671592879
47 49 53.18513139250512
47 50 28.55986369259859
47 51 37.90331268038401
47 52 68.52201721511861
47 53 86.65054065838174
47 54 90.80193794436263
47 55 43.57338908320304
47 56 35.95987528325721
47 57 78.84139075214085
47 58 92.76917290186914
47 59 74.53212744927824
48 49 50.69458762535262
48 50 93.33922049529359
48 51 38.83279388003315
48 52 96.42428394768305
48 53 81.63616824590449
48 54 22.376220038190766
48 55 89.16695292584791
48 56 94.49580203700859
48 57 62.20846524958559
48 58 96.05741610352146
48 59 72.77615011031631
49 50 63.24815964050952
49 51 61.97224124801026
49 52 60.94378413795131
49 53 89.88502606359273
49 54 92.4196297193898
49 55 49.66940105051671
49 56 64.18096212922411
49 57 31.881209990813044
49 58 69.94233771277766
49 59 36.339037918964785
50 51 52.731315388917814
50 52 32.53633821754151
50 53 67.64886155599181
50 54 50.11807292724956
50 55 90.75974736691451
50 56 72.00888799352752
50 57 63.313116005357045
50 58 36.94373346345873
50 59 25.90515412879574
51 52 48.41822000296273
51 53 77.73277479238523
51 54 38.88436699502808
51 55 48.587735855064906
51 56 26.14982112988806
51 57 44.62837118125037
51 58 46.20384653129725
51 59 87.17443871233135
52 53 27.92608453953609
52 54 80.16640030950998
52 55 76.07152180280988
52 56 58.279271878721545
52 57 32.352725172459856
52 58 52.175954235346865
52 59 56.302471956365984
53 54 71.20884779314764
53 55 73.35084583066062
53 56 59.42673226099528
53 57 99.48786999600588
53 58 55.74323749882549
53 59 51.9684086617626
54 55 37.86896631700621
54 56 21.820767980554958
54 57 92.1951951211762
54 58 45.60634766042976
54 59 41.3407494372334
55 56 69.02947495692077
55 57 69.93164860726951
55 58 83.70459887940076
55 59 72.21425493414495
56 57 55.07589102190062
56 58 43.89118530563732
56 59 54.08712891801034
57 58 69.36027627131298
57 59 98.7659953695306
58 59 40.04266521177617
