90 4005
0 1 22.359938059731572
0 2 43.43847811641702
0 3 26.417955183385125
0 4 74.82169506189224
0 5 33.74669238100975
0 6 79.86154303156614
0 7 57.87983643095599
0 8 21.454634545313162
0 9 77.48232545361067
0 10 74.08815164877483
0 11 63.99365792466903
0 12 48.8739043264172
0 13 70.94948788508712
0 14 82.17459639140597
0 15 50.19320967213508
0 16 77.99623151518884
0 17 98.45087788025127
0 18 74.92436060572385
0 19 34.00191523278706
0 20 71.00319037434355
0 21 98.05281448355706
0 22 56.84444219659998
0 23 36.962889007358754
0 24 27.23730749742999
0 25 29.337558445328682
0 26 59.47753543376403
0 27 77.46398523508472
0 28 71.14519083064353
0 29 23.44861129633606
0 30 57.53178656700748
0 31 82.20139315288529
0 32 36.81819012921644
0 33 32.90748171863583
0 34 40.95332186846409
0 35 76.07539798297871
0 36 48.89503378112838
0 37 79.79465322907339
0 38 30.635854844555475
0 39 47.9084558779585
0 40 30.78778076764329
0 41 97.72618206506675
0 42 39.35974451303945
0 43 74.54385323591181
0 44 83.18922746490185
0 45 76.31441983961736
0 46 30.6025180185273
0 47 85.35480914317301
0 48 22.650127527071025
0 49 35.737843907311735
0 50 44.440880111012575
0 51 89.56161909840614
0 52 60.7961301031271
0 53 99.94929356116322
0 54 45.56186928969695
0 55 25.705014435594844
0 56 79.5002614122829
0 57 49.09932131648922
0 58 91.84541072671163
0 59 68.66196140234692
0 60 42.47161002742307
0 61 48.552122337985125
0 62 95.9393652194805
0 63 65.35438918037431
0 64 61.6652183935729
0 65 79.55743138895492
0 66 61.50817700052229
0 67 28.766596131578652
0 68 32.48970110838233
0 69 83.68086158113474
0 70 99.09528586628271
0 71 84.21281785034671
0 72 20.817868036328093
0 73 98.03857506143154
0 74 38.70329787663869
0 75 95.1807183412494
0 76 98.28222583736603
0 77 79.27482584644225
0 78 23.40899886964916
0 79 37.405933789392776
0 80 31.562150477347572
0 81 45.313805744448544
0 82 61.66343203152941
0 83 63.80244878965009
0 84 26.139999760734007
0 85 65.60395486734691
0 86 51.4570803613432
0 87 71.0694972799287
0 88 20.402248031705668
0 89 24.15196455666492
1 2 66.85545186803401
1 3 58.65589110130071
1 4 31.54639328344721
1 5 47.98177522514542
1 6 67.37798688189058
1 7 25.102860167618097
1 8 78.21247787500917
1 9 25.166745886701616
1 10 66.5686591384373
1 11 65.60040616828374
1 12 74.9583607945059
1 13 56.94410316213429
1 14 50.66046669369947
1 15 32.23748397601302
1 16 30.91410857280433
1 17 34.77657233211963
1 18 56.709895835004176
1 19 40.94848245320367
1 20 91.61019097395622
1 21 29.43622606263719
1 22 64.23384792928509
1 23 68.75363147121075
1 24 53.4757427525704
1 25 23.013231736655957
1 26 36.627774342459105
1 27 44.77595504207712
1 28 30.222138324016612
1 29 57.99325564805422
1 30 82.26995092604605
1 31 49.387374260995514
1 32 87.60596287364721
1 33 76.11039130934746
1 34 45.64910410389317
1 35 90.52241455744256
1 36 61.22136601744483
1 37 67.87480674935591
1 38 46.484045487364725
1 39 78.5931206598533
1 40 31.57757998827556
1 41 46.63093837817641
1 42 53.75299878119535
1 43 34.61625887812559
1 44 45.75556267224836
1 45 31.064731739884373
1 46 63.25269116656593
1 47 72.5326112026761
1 48 60.367798860916224
1 49 83.37318491167909
1 50 31.995337258030716
1 51 67.52736738294892
1 52 97.89968638565932
1 53 36.15094692887989
1 54 95.69496259579152
1 55 98.11788375339711
1 56 29.79402341666198
1 57 82.33490766877958
1 58 62.48895819668256
1 59 74.16249405005698
1 60 97.33372725763004
1 61 84.76620572737163
1 62 25.112455980880284
1 63 62.87206474761863
1 64 73.28297839308433
1 65 30.142095370070614
1 66 21.368324452975358
1 67 53.73198024081621
1 68 96.61954228119937
1 69 50.48769397457926
1 70 81.8324346501909
1 71 24.491900186829653
1 72 47.233446053296234
1 73 51.222573900428834
1 74 27.848132920541964
1 75 88.79629945480623
1 76 89.39877329891124
1 77 95.28813938198226
1 78 36.45702458211045
1 79 99.96076086964234
1 80 85.83046942452657
1 81 21.368721717710795
1 82 95.86272321271416
1 83 77.89684371488859
1 84 98.78710951169086
1 85 26.38583374039812
1 86 99.10405478760228
1 87 28.120315670988482
1 88 97.99403453891105
1 89 75.65264659771898
2 3 52.121705997276706
2 4 45.188615784021636
2 5 34.69055032110052
2 6 58.64915793907648
2 7 31.56074140809908
2 8 38.61865714203836
2 9 60.70958366006509
2 10 79.41470804946441
2 11 91.59680965575158
2 12 61.99282086818222
2 13 54.21206988365522
2 14 41.91039607400691
2 15 76.3434668401877
2 16 76.79528715727399
2 17 34.71917217114428
2 18 34.808206341494305
2 19 45.708122030859556
2 20 49.690053645535606
2 21 99.25346669102879
2 22 83.8373793167342
2 23 80.02919242360917
2 24 44.12397701612748
2 25 22.6460039814655
2 26 79.16580923899758
2 27 63.92346558588101
2 28 50.75886154272412
2 29 59.043462748373955
2 30 33.96105861174058
2 31 35.16360512840859
2 32 20.149267850854045
2 33 55.60140637003428
2 34 77.2397878900076
2 35 91.54473139320766
2 36 33.35058237082677
2 37 59.602509765150174
2 38 47.525411387150086
2 39 28.909281602115662
2 40 87.09564633327349
2 41 64.1905834221882
2 42 74.22838634109831
2 43 34.1410568345669
2 44 48.099925611236436
2 45 26.164881231763406
2 46 39.155387266180234
2 47 28.553529926301692
2 48 68.73705712237214
2 49 44.43895074516465
2 50 88.16388802062261
2 51 87.67092830838564
2 52 43.505145814459134
2 53 89.87770832288642
2 54 22.031226414772007
2 55 73.3956340596499
2 56 66.29546944373664
2 57 40.94921498604268
2 58 47.68898771661511
2 59 31.877773651181293
2 60 99.85637664273533
2 61 88.92688770978631
2 62 55.69367865145143
2 63 37.2309243873424
2 64 25.772664309708013
2 65 32.968878094256056
2 66 95.02354796123325
2 67 87.18711156669679
2 68 21.129493747554307
2 69 33.02591674286852
2 70 56.45008625140377
2 71 58.426440206371765
2 72 45.307685901301994
2 73 44.04764660124849
2 74 80.54013165955632
2 75 62.46889470266617
2 76 20.291094970700733
2 77 21.489743953762428
2 78 50.55284461472031
2 79 59.763942807598305
2 80 37.670576157662374
2 81 41.19412414766486
2 82 90.83104160828495
2 83 24.65545079267235
2 84 92.30939147101641
2 85 96.76242256892976
2 86 91.88465501280763
2 87 63.921781601477065
2 88 50.340483306552095
2 89 57.57041345415679
3 4 47.619653800297314
3 5 45.285046104302104
3 6 55.83605929416622
3 7 40.49164531848788
3 8 94.91857506673634
3 9 88.02666818108209
3 10 63.828084018212536
3 11 85.69007056804358
3 12 39.550007801331205
3 13 52.86564064181043
3 14 94.70707429285147
3 15 95.18883503674923
3 16 31.731258577757295
3 17 22.449678488956106
3 18 36.6387756638356
3 19 52.90453572586449
3 20 72.91578117199256
3 21 62.81565868483662
3 22 25.889044175377364
3 23 78.34578270036451
3 24 66.55054214992236
3 25 81.55346260574063
3 26 81.01094917024045
3 27 23.519703170044988
3 28 77.15737722920079
3 29 73.78502999939349
3 30 30.369400451612893
3 31 41.56842273912201
3 32 54.17805172474708
3 33 97.5582484155616
3 34 20.333572426664198
3 35 69.80375500045554
3 36 57.78133329438691
3 37 58.13661796175683
3 38 44.525592204750026
3 39 99.68835404898917
3 40 48.626095714612134
3 41 26.927420820587884
3 42 30.555823714252348
3 43 76.82659722453857
3 44 53.86119122368867
3 45 33.655356930665626
3 46 51.4251402043297
3 47 92.3424106880172
3 48 97.06878743505723
3 49 68.39408707550267
3 50 37.457904802306494
3 51 59.102177190173194
3 52 26.242876048657013
3 53 80.04873412684039
3 54 80.81596065038299
3 55 95.14280549070459
3 56 57.11351871466127
3 57 91.09508396408101
3 58 78.68760495645239
3 59 35.585399767193266
3 60 92.57239488266397
3 61 88.696057697546
3 62 33.12249903640883
3 63 77.83753468002944
3 64 72.30787311185738
3 65 74.56694552517976
3 66 21.038851480012248
3 67 59.89938612639149
3 68 31.013986960731728
3 69 53.592660031658895
3 70 74.40160202821325
3 71 99.39560841019178
3 72 89.62797940029166
3 73 24.28279970550749
3 74 93.01817824548787
3 75 77.37403572345818
3 76 43.25367475068299
3 77 88.10001605605271
3 78 56.57011885200248
3 79 48.72820336547055
3 80 72.14077019212698
3 81 77.07404479020084
3 82 32.2079390738734
3 83 43.374560967570694
3 84 28.260059586791293
3 85 99.9401987815316
3 86 91.86836147714413
3 87 30.531978219190982
3 88 93.75454347599135
3 89 55.69807688058516
4 5 38.52893108967414
4 6 79.02861070317093
4 7 42.2282605471874
4 8 77.052212412196
4 9 28.110718863247797
4 10 65.4900994030424
4 11 57.47027336787652
4 12 64.4345432814281
4 13 81.11027720791209
4 14 23.521142779887036
4 15 53.926413195228385
4 16 67.30987930682721
4 17 82.88318201000476
4 18 33.01472844318647
4 19 45.28393092703158
4 20 32.03606645327557
4 21 65.2074216750242
4 22 69.4172972125061
4 23 63.71585487502042
4 24 34.12384138745288
4 25 29.827118636105965
4 26 49.086687507286904
4 27 83.1769047810905
4 28 52.733480692079304
4 29 79.27521795059467
4 30 48.801733816198656
4 31 62.3314860018765
4 32 84.98784079765466
4 33 99.20637305503264
4 34 77.88342361236873
4 35 21.217734522764815
4 36 51.184654795716604
4 37 44.74760725078157
4 38 75.20407890373528
4 39 27.099225849689
4 40 37.585382077477135
4 41 21.422687804614846
4 42 81.61573213666071
4 43 20.135925038166853
4 44 53.51365463513717
4 45 63.96025896452247
4 46 82.91755045665624
4 47 84.99727976954594
4 48 71.78687405474899
4 49 73.11911304259336
4 50 97.16103094556343
4 51 37.82886079452669
4 52 76.93960723473926
4 53 85.66878129393325
4 54 87.45425496319739
4 55 88.60258960412357
4 56 48.27811080285307
4 57 75.45325272726896
4 58 48.89775170062168
4 59 71.22197197711816
4 60 84.42838820967847
4 61 41.42449614617342
4 62 47.31352325335432
4 63 67.09990428042605
4 64 30.03432511090643
4 65 33.50757874746033
4 66 44.920975859959576
4 67 60.340564461673615
4 68 75.40312239497737
4 69 26.46559885066127
4 70 79.0898006975849
4 71 91.03893304214543
4 72 27.43821133709173
4 73 45.97594010086976
4 74 44.279492748100765
4 75 68.78110596033781
4 76 99.83451948173249
4 77 20.96010765165574
4 78 28.4149094364815
4 79 40.923915233914975
4 80 46.7511396307535
4 81 95.69516625353918
4 82 75.15326986735842
4 83 54.58869571475415
4 84 86.96237177219045
4 85 83.49678008779595
4 86 32.007419174154215
4 87 80.30584252298729
4 88 68.1545528956176
4 89 76.62884382561906
5 6 47.25941004246696
5 7 75.3600665265193
5 8 89.95085126653846
5 9 39.50570071269357
5 10 37.000848407983035
5 11 98.28714351406168
5 12 35.04175092838902
5 13 38.13366382714443
5 14 33.44385055259228
5 15 73.20011769135161
5 16 25.03597447697001
5 17 71.65461376930907
5 18 62.98287530692299
5 19 93.19915915556543
5 20 65.81043809390574
5 21 22.561176213285954
5 22 54.343525181285166
5 23 76.53094698005069
5 24 88.44192769580327
5 25 52.40199895869759
5 26 68.93501223423256
5 27 56.50682716854583
5 28 80.6899053921203
5 29 34.95556470637481
5 30 83.53412137200971
5 31 36.91098552539528
5 32 64.40818119519221
5 33 40.45487935483191
5 34 36.65912290168816
5 35 93.12318094108167
5 36 26.85861359479336
5 37 35.529549143520065
5 38 63.52490485503371
5 39 57.59721466371949
5 40 72.81615676804456
5 41 74.9971318949415
5 42 52.21999120936143
5 43 31.499464889937066
5 44 58.92164752306993
5 45 62.930429972900924
5 46 32.126350828479744
5 47 47.23366504207826
5 48 51.17127688291688
5 49 36.19353680672414
5 50 93.04336459602746
5 51 58.08436104986783
5 52 43.74442442459767
5 53 30.130351877215418
5 54 45.34221573443192
5 55 71.35985989911723
5 56 78.07859234149143
5 57 93.47261624733805
5 58 22.854236195758382
5 59 27.363603973857167
5 60 96.4201813248483
5 61 33.66878893730202
5 62 54.40176904760651
5 63 49.53250705436784
5 64 71.16245832593323
5 65 67.27467027463561
5 66 63.820203537375505
5 67 24.87495002485837
5 68 89.49552708002291
5 69 87.9585226947193
5 70 44.440052603614895
5 71 55.20698366137482
5 72 53.29819967099959
5 73 28.966500687440107
5 74 49.486817524718695
5 75 98.12017984546638
5 76 44.24963528753196
5 77 52.29504915791421
5 78 80.18179420737698
5 79 74.8233674414996
5 80 94.97445556558787
5 81 65.46308803754465
5 82 42.71081699066826
5 83 67.052509511159
5 84 68.18250193615228
5 85 54.08978462617367
5 86 27.234701719784262
5 87 29.82747522684587
5 88 43.57235694525592
5 89 68.55270513723465
6 7 74.65803634658496
6 8 99.38067715648344
6 9 87.11376787324723
6 10 68.0165606745925
6 11 36.10630137685236
6 12 77.39220053042544
6 13 94.46217784646292
6 14 80.56652544187585
6 15 94.50014359426801
6 16 88.50082401843947
6 17 50.57033971359537
6 18 98.86979712322523
6 19 45.67463990556152
6 20 39.7957357297134
6 21 98.39596987510481
6 22 38.02702405458781
6 23 95.07348668555063
6 24 64.14816675458727
6 25 29.386788057305687
6 26 98.97111932491826
6 27 28.12794189798824
6 28 72.26358615633661
6 29 63.08096256932604
6 30 44.835626012512066
6 31 93.59115510108016
6 32 89.65187660983908
6 33 29.069000717033457
6 34 67.96445412730276
6 35 21.902910864216587
6 36 97.78048176520952
6 37 50.9476043047847
6 38 20.8909157732462
6 39 39.372394479518604
6 40 36.76530177930256
6 41 24.47386788422328
6 42 45.42634716250746
6 43 90.80198638873429
6 44 41.0944657744445
6 45 79.98698288461553
6 46 96.83207142464614
6 47 24.76295076590788
6 48 94.51361329534187
6 49 26.179050071546904
6 50 82.91390223739712
6 51 29.974303412038353
6 52 69.16680050424067
6 53 99.45960214081434
6 54 65.05872487703576
6 55 84.14448820091106
6 56 64.83045508155499
6 57 52.93855473719422
6 58 52.45232398772047
6 59 99.18636790400274
6 60 41.05398493635613
6 61 22.719356400901436
6 62 47.27289309842515
6 63 70.31627036596494
6 64 57.340192260260714
6 65 53.113360455963495
6 66 40.431891230985
6 67 34.39817345980689
6 68 88.03295823638791
6 69 36.95655235769901
6 70 73.95638168660616
6 71 52.5755196254432
6 72 98.1637041693053
6 73 63.83461118018535
6 74 68.8731396404307
6 75 94.7433637989114
6 76 90.95708625289242
6 77 44.286933410043225
6 78 98.25454385266943
6 79 36.68503492060596
6 80 94.36998389504501
6 81 72.06971490702566
6 82 71.90182568849785
6 83 58.80081971529422
6 84 91.1663700073465
6 85 84.12888946123778
6 86 42.90604514149688
6 87 76.12468953116003
6 88 38.33975749698696
6 89 66.3476105565049
7 8 64.78705783815377
7 9 72.47282621402063
7 10 61.1204330014196
7 11 47.75461516542286
7 12 61.54252452418835
7 13 75.74607262155823
7 14 68.55714584740142
7 15 99.0595517775193
7 16 47.19613538929679
7 17 58.32809277249001
7 18 93.63462656154132
7 19 82.06820771148983
7 20 94.47357567703096
7 21 70.41426603058888
7 22 32.67698165564896
7 23 93.11546131223002
7 24 37.83707805433666
7 25 69.2364769938024
7 26 48.3746785354224
7 27 57.548714956889455
7 28 30.41529396356177
7 29 62.38048501611169
7 30 76.15945834109512
7 31 34.94144029609835
7 32 35.20823931259386
7 33 79.37252508980616
7 34 92.29763272615241
7 35 69.32077304211657
7 36 88.42993820599776
7 37 36.00655764367929
7 38 64.47496651337532
7 39 74.13232380159513
7 40 58.38332640762892
7 41 97.83332277556751
7 42 93.36514409342162
7 43 64.93176871116754
7 44 62.593495764154625
7 45 41.418082885924285
7 46 65.61543567198433
7 47 46.149725766178705
7 48 96.51946307383194
7 49 66.92010014842208
7 50 24.692418963476086
7 51 80.63902508174365
7 52 43.42180277688095
7 53 84.80374583421761
7 54 64.22639340260446
7 55 41.72462333149153
7 56 47.35498940314991
7 57 86.97956261762056
7 58 67.36103693454952
7 59 57.74121332610184
7 60 64.01554921340872
7 61 27.038792793372508
7 62 61.723823737982684
7 63 31.436771508972726
7 64 52.12558101235117
7 65 83.34135894654338
7 66 53.16945250688726
7 67 94.62058990629521
7 68 81.4539698256615
7 69 50.46420783372117
7 70 48.01044861869563
7 71 54.04541332978873
7 72 76.61635371003224
7 73 95.78154373342177
7 74 38.40558385260393
7 75 94.06294005889792
7 76 43.87249966910825
7 77 63.16659258679495
7 78 54.338093510628546
7 79 31.294827276361936
7 80 79.14552045976765
7 81 95.6852298373666
7 82 57.20991857438469
7 83 80.79052682302971
7 84 22.924257702192925
7 85 63.778675084946414
7 86 82.99875444644125
7 87 71.96860102736929
7 88 42.47969838456943
7 89 26.507074252095315
8 9 46.89174925665589
8 10 82.4675363715941
8 11 33.06379499372659
8 12 29.788509950710093
8 13 59.32802656281935
8 14 48.012187564559845
8 15 76.78951022281562
8 16 58.96626955604465
8 17 45.01420598666417
8 18 41.857358895532464
8 19 63.63732209508785
8 20 39.992555269291316
8 21 69.0982428181682
8 22 73.29424658859375
8 23 29.21538798610115
8 24 82.06187302927063
8 25 47.14739992977324
8 26 25.987250100455583
8 27 69.07738675000527
8 28 91.45101301361896
8 29 68.17361682983497
8 30 20.113249604757417
8 31 73.50644676213489
8 32 99.36941999902056
8 33 51.713394885601105
8 34 76.67379739875426
8 35 63.481815807602466
8 36 71.31608292371767
8 37 29.44603634290205
8 38 51.23993821204954
8 39 29.943381133122493
8 40 30.652117653700746
8 41 47.57461190661016
8 42 83.63131235568423
8 43 48.649973846973694
8 44 74.7059613336613
8 45 55.491181806828
8 46 88.61452706886183
8 47 45.93636191593879
8 48 89.6887825448161
8 49 76.72786807744814
8 50 38.84411591991372
8 51 91.1960810603824
8 52 87.55438305851865
8 53 44.13098864721061
8 54 98.66374860973474
8 55 54.82345454160559
8 56 50.11898715181243
8 57 45.43317727866513
8 58 27.558188530970593
8 59 33.3176074151337
8 60 58.964232527612424
8 61 78.50320989742424
8 62 54.1460306551264
8 63 58.2373161249075
8 64 46.528110905963416
8 65 99.74603705757436
8 66 93.07388488781505
8 67 51.33853734531869
8 68 42.06404678126827
8 69 56.0385535022035
8 70 97.90176030441407
8 71 91.63873385650797
8 72 42.82691936743841
8 73 81.99723131924941
8 74 34.825278126972485
8 75 78.76519934166153
8 76 99.01078864392207
8 77 24.06163628020254
8 78 41.11275434257862
8 79 91.11375848869191
8 80 47.497022490853304
8 81 21.62629248894813
8 82 84.79934082452498
8 83 21.882922980400814
8 84 58.854836514059485
8 85 89.70465401092636
8 86 47.29111432655547
8 87 42.12682406648052
8 88 58.777041494827756
8 89 26.17279011049184
9 10 69.50765871828445
9 11 56.20511271841934
9 12 42.86079796278476
9 13 41.41296308265816
9 14 44.585158144416475
9 15 24.575572062564497
9 16 40.46312496905208
9 17 36.351701427336266
9 18 34.72378075396283
9 19 93.15110723238529
9 20 39.245269771360036
9 21 44.403601944976515
9 22 40.95678972811544
9 23 72.54578541407525
9 24 49.86123397685077
9 25 89.64428565543591
9 26 93.75704179746836
9 27 49.07922393963584
9 28 98.53376394114078
9 29 85.992548295838
9 30 81.77853491824135
9 31 30.008860057104727
9 32 69.86239436933707
9 33 33.164417923813275
9 34 54.34907796797488
9 35 67.49000725273383
9 36 87.64060976940173
9 37 28.889785507826602
9 38 67.39569647854444
9 39 71.53857787015127
9 40 77.22964874675782
9 41 73.23729518089723
9 42 29.03676565631729
9 43 52.68125886122648
9 44 77.19054847048021
9 45 56.04977050252468
9 46 88.8200805763247
9 47 73.48733886345408
9 48 67.15971701195113
9 49 73.29791296118313
9 50 78.41063009273611
9 51 26.837129163176463
9 52 24.84479907955036
9 53 47.40975694450843
9 54 48.21908905580215
9 55 43.924758290099895
9 56 65.31351392711929
9 57 20.97786436088405
9 58 57.196031666295454
9 59 34.79228862075726
9 60 66.46448682391127
9 61 40.31322858803911
9 62 74.1937806738261
9 63 29.456127982004993
9 64 21.654325935316212
9 65 61.44243877792785
9 66 34.94087471496763
9 67 75.22791762085932
9 68 81.48633177860147
9 69 76.41082024164308
9 70 47.00209338949519
9 71 68.14585148371567
9 72 79.9159410968818
9 73 63.057448789373666
9 74 22.11450472589716
9 75 76.20889706754483
9 76 39.748616674533125
9 77 32.82081424523484
9 78 99.7019762434249
9 79 68.05506881831919
9 80 85.09974846812527
9 81 89.16881423541935
9 82 55.439133110996934
9 83 78.48393005751987
9 84 71.14907307631968
9 85 80.83041062977647
9 86 91.02640603909784
9 87 25.11500704039607
9 88 82.247765217794
9 89 31.992535373724085
10 11 85.24331639687192
10 12 79.81429446353934
10 13 47.77739575452027
10 14 99.93533436196104
10 15 92.2916711027476
10 16 25.652518401752424
10 17 49.927400941155675
10 18 42.210667167275545
10 19 87.53620827779005
10 20 69.25729645010065
10 21 53.72979487803744
10 22 56.47141687339462
10 23 24.855289654149118
10 24 96.98889258319967
10 25 35.621070274365636
10 26 91.82631021337795
10 27 32.43711353601454
10 28 36.819713075667494
10 29 55.2424385129066
10 30 28.56757848094538
10 31 82.93164970200944
10 32 27.890776462018625
10 33 84.0165410327142
10 34 41.988706755679246
10 35 39.61984305566365
10 36 26.72019899021004
10 37 44.69155149978582
10 38 59.51828938405076
10 39 50.82147577275491
10 40 59.56004675637355
10 41 20.396871833683594
10 42 91.77992535305721
10 43 77.54665718715933
10 44 84.03868405335464
10 45 57.90788645957511
10 46 20.727158489556608
10 47 73.4881075089004
10 48 86.19535311063542
10 49 87.71280180630941
10 50 30.927304781067768
10 51 69.42570264158276
10 52 53.49382121327794
10 53 88.68326948647226
10 54 99.39307923823344
10 55 46.75574504967323
10 56 79.07292216598172
10 57 94.98847047977243
10 58 46.3431694022228
10 59 81.79805678108875
10 60 23.968647411741408
10 61 68.18687607817597
10 62 80.82267856963928
10 63 49.37356469092286
10 64 72.61703802538315
10 65 75.2800328697962
10 66 90.59255682803857
10 67 51.9677062690951
10 68 33.698349905900756
10 69 50.56270975093256
10 70 56.68519624639642
10 71 91.29877021081757
10 72 82.1708602049209
10 73 61.108095847078715
10 74 81.3839941850253
10 75 32.57244446461985
10 76 87.85180080241277
10 77 72.50041142092616
10 78 46.40492398700941
10 79 90.71730020359115
10 80 75.55134102079587
10 81 30.155632454003822
10 82 74.83922658623909
10 83 62.2982205377847
10 84 75.95346285333477
10 85 84.9783532793968
10 86 80.70866180802116
10 87 21.36332325108013
10 88 42.37955603926154
10 89 58.43099519234513
11 12 25.844327475255646
11 13 90.17614495002611
11 14 23.390768538939284
11 15 52.53813634807667
11 16 89.57206400674072
11 17 28.039941982875813
11 18 56.69973757857367
11 19 47.956986503346066
11 20 67.01842035382285
11 21 65.69978555660056
11 22 63.52274218527487
11 23 45.14380325255489
11 24 75.03357624649308
11 25 93.41562476079112
11 26 52.346766588404705
11 27 66.30921935288283
11 28 89.70812411047687
11 29 42.41019441486504
11 30 36.68373983940498
11 31 98.71141505075792
11 32 86.45620220043949
11 33 37.79407459455932
11 34 25.789608136125395
11 35 42.27119024689627
11 36 52.460845753531885
11 37 40.80872377035032
11 38 61.646091079841014
11 39 99.3088885649575
11 40 65.56022935510047
11 41 83.1961037791852
11 42 65.04262122157262
11 43 39.10130986731793
11 44 29.594652235597678
11 45 22.32055780578987
11 46 57.98074636592518
11 47 46.14138429362825
11 48 80.8486324912929
11 49 78.25682802977477
11 50 62.623003795652316
11 51 39.80819579651714
11 52 70.27354266697695
11 53 41.935691798534805
11 54 30.012844844110944
11 55 22.824373118392405
11 56 59.778524779498376
11 57 20.11595061574863
11 58 25.291408147425702
11 59 38.31260472523081
11 60 86.38509147865751
11 61 28.576926796546616
11 62 32.425935988804675
11 63 54.828604600510886
11 64 32.93428995255363
11 65 96.3601081825921
11 66 89.9541007957867
11 67 38.75146478145541
11 68 99.59091158128305
11 69 79.41500677657733
11 70 55.09783509612559
11 71 78.53670922985194
11 72 54.13509408325272
11 73 73.00684198613394
11 74 42.69901496793037
11 75 86.8630672141692
11 76 67.72915001517916
11 77 57.24452878634387
11 78 85.83060696210478
11 79 95.04374360847403
11 80 81.99853776573391
11 81 27.630830657706042
11 82 59.14516382942154
11 83 80.32225127660662
11 84 79.36563729618518
11 85 30.00185506817165
11 86 44.22144167536538
11 87 84.33879312311123
11 88 39.5668917687653
11 89 80.09830060469366
12 13 67.29256817736089
12 14 88.14662919015935
12 15 86.35527701499026
12 16 86.4359639671431
12 17 58.889562024909765
12 18 47.88854537242878
12 19 32.31362377295602
12 20 66.04314364770488
12 21 82.9317306141018
12 22 40.667917511382655
12 23 51.02296747071985
12 24 64.47714270912577
12 25 33.41003201546891
12 26 27.33700506782741
12 27 21.72297649739076
12 28 34.242455839529136
12 29 44.89259454533942
12 30 82.48434420523192
12 31 70.02919136745938
12 32 43.69739588809814
12 33 99.28037402701175
12 34 68.94275905066952
12 35 36.38793913891998
12 36 52.90002775812739
12 37 92.34889132868999
12 38 83.55239612177093
12 39 31.960064717899968
12 40 56.66452037040918
12 41 61.41935894873221
12 42 81.99091378602277
12 43 35.40253305051279
12 44 98.78967686851502
12 45 30.960699025981917
12 46 38.095891700383035
12 47 55.90181910648447
12 48 49.469643374334886
12 49 28.768517747692393
12 50 20.846361157779114
12 51 63.39063380207503
12 52 49.80318493755652
12 53 50.74273271087124
12 54 39.48439459169527
12 55 68.51483999895916
12 56 66.78003509310346
12 57 42.64523779526936
12 58 38.08925308243523
12 59 61.38827222272287
12 60 73.27909082661435
12 61 30.76639106723084
12 62 35.924072883435734
12 63 75.90464684081297
12 64 84.5663038314639
12 65 38.027117238535475
12 66 55.25810086293824
12 67 57.12793258325896
12 68 48.11481597246843
12 69 47.035371079597255
12 70 28.625151262223774
12 71 27.44610230367141
12 72 60.0191982194529
12 73 92.87493339059898
12 74 33.08790399116041
12 75 90.42552491189369
12 76 93.19194008809089
12 77 51.24630524059121
12 78 51.24087447271984
12 79 88.57460772577382
12 80 92.08104758979073
12 81 40.1432101908284
12 82 28.802707620080838
12 83 84.67090047556275
12 84 89.22342614487044
12 85 49.717359279709896
12 86 53.122169388007364
12 87 20.57565556019543
12 88 44.40821002062391
12 89 76.89616936871536
13 14 99.08878475411173
13 15 79.4493806499525
13 16 54.38217059469369
13 17 74.54781327833827
13 18 53.74478048611937
13 19 48.13279208426977
13 20 85.65996856908396
13 21 65.17412741131832
13 22 50.94954557226994
13 23 69.94171102700315
13 24 24.174340237353427
13 25 39.05481033962377
13 26 94.3574360372512
13 27 58.308833486013626
13 28 75.63458850631837
13 29 72.1458489215243
13 30 43.34187805291823
13 31 99.52646575066143
13 32 65.71713734996727
13 33 92.85102293740034
13 34 91.65422144493478
13 35 80.92456859725885
13 36 51.00579898754539
13 37 63.52810082317552
13 38 51.37094898065633
13 39 75.53455251457763
13 40 94.48918093527084
13 41 85.72602381319889
13 42 84.82590929460937
13 43 65.8259052189687
13 44 66.9623917475318
13 45 87.4463236511503
13 46 43.28396408482983
13 47 41.4630026867081
13 48 76.06937850331413
13 49 82.88632810117801
13 50 59.02366644302457
13 51 67.2807627725577
13 52 69.74592627488579
13 53 29.014087154849896
13 54 81.18531001822771
13 55 25.951516453164764
13 56 86.57544776444573
13 57 90.3951474279996
13 58 27.672377710864737
13 59 47.937591683500116
13 60 81.0235262158315
13 61 22.12401597803052
13 62 35.58172741607255
13 63 60.78596337666802
13 64 47.05857766541638
13 65 41.9230485252323
13 66 60.45490965014387
13 67 32.82211106262038
13 68 78.60783309633763
13 69 57.476312151089786
13 70 36.49443197841646
13 71 32.88879796574284
13 72 34.94207052853541
13 73 82.51708717968336
13 74 47.786990812790755
13 75 97.35968105292379
13 76 24.566963353667816
13 77 43.703923104244204
13 78 23.364944616571908
13 79 27.337523011092088
13 80 35.66589047808907
13 81 21.304512854727804
13 82 70.54002237862142
13 83 70.82208397517043
13 84 91.31311872296719
13 85 64.06308125990931
13 86 58.40406000276391
13 87 56.38174907513352
13 88 29.33920261109284
13 89 61.73146751715625
14 15 89.94174710725935
14 16 75.73641926793755
14 17 94.09139565343347
14 18 87.45756289815671
14 19 95.34820033673778
14 20 31.155474163783268
14 21 72.84861280735912
14 22 77.18620139736993
14 23 27.682779761553775
14 24 25.296998950793046
14 25 61.17958195071985
14 26 98.34711865346227
14 27 22.681506595597618
14 28 58.221289113676
14 29 56.17707456300514
14 30 38.135294497164836
14 31 96.08798202639632
14 32 82.363703254329
14 33 97.59776954042084
14 34 73.22174515891079
14 35 58.786871741287506
14 36 72.13148677797138
14 37 36.80217159756577
14 38 20.867326071402328
14 39 76.10239515526757
14 40 48.79765925132179
14 41 30.73119554383954
14 42 30.209347225576046
14 43 32.54074080869759
14 44 44.84089871890521
14 45 30.933849744356003
14 46 65.52590786636496
14 47 64.5760265813839
14 48 55.207912991284054
14 49 89.81415826929383
14 50 65.11648140982834
14 51 67.04041882575102
14 52 34.137541933783226
14 53 66.12187823016893
14 54 78.89652616610294
14 55 79.43043353109013
14 56 71.81882351568943
14 57 28.33994413880572
14 58 99.70617078004862
14 59 88.98802216421112
14 60 24.431667325631572
14 61 46.53128956529567
14 62 75.64973985882366
14 63 74.18373022886611
14 64 46.722040684734324
14 65 39.970546269241176
14 66 82.98979051548163
14 67 24.261546563602234
14 68 49.73292802587459
14 69 98.32850337729917
14 70 68.8063971172922
14 71 27.505182372224617
14 72 71.88240522775433
14 73 89.21529268628281
14 74 44.55387967305462
14 75 37.58287794040962
14 76 23.75215047384777
14 77 33.756291049535385
14 78 27.409187099959247
14 79 22.32465805988263
14 80 46.59962764608065
14 81 76.3113365871244
14 82 25.64982478974107
14 83 49.27288170261289
14 84 54.0101709521589
14 85 71.67651708787488
14 86 49.710201103177326
14 87 42.69108355484008
14 88 33.71220674305153
14 89 70.65417323987691
15 16 68.63756731902613
15 17 53.20770268318729
15 18 47.049003431215496
15 19 89.0576154098308
15 20 37.5474003574952
15 21 38.41714216583042
15 22 59.58969207323917
15 23 28.817745092008245
15 24 67.78565720346361
15 25 44.3502459639396
15 26 56.98894270653664
15 27 22.157896610656856
15 28 67.7425532978832
15 29 91.93047855613119
15 30 67.63327019450631
15 31 22.003864307889867
15 32 44.93051714537562
15 33 87.87936750642218
15 34 43.02275062382443
15 35 59.14885009042309
15 36 30.146414288081075
15 37 76.02950697378479
15 38 25.92871029129377
15 39 62.53603713126266
15 40 87.6304950852354
15 41 49.29419406581532
15 42 41.225356834289485
15 43 76.3553675870967
15 44 35.6260500110415
15 45 34.2686990518914
15 46 52.590508667332244
15 47 27.22006245021405
15 48 49.42292785185914
15 49 47.18792251170491
15 50 43.635125903373684
15 51 67.42634007384063
15 52 76.42804063755177
15 53 62.886673615455905
15 54 27.20217045709166
15 55 69.08851017031458
15 56 32.610536320728656
15 57 94.4336415923668
15 58 66.00225878804686
15 59 38.24203784642431
15 60 46.44473953471581
15 61 62.484491163711986
15 62 30.852572900878723
15 63 92.05972030391821
15 64 67.597307878587
15 65 54.2403319433687
15 66 54.230366609764495
15 67 52.655382457855495
15 68 70.35005541497324
15 69 31.711888037340827
15 70 28.59424190205668
15 71 29.708531868854628
15 72 72.24710890504022
15 73 21.201934322154415
15 74 47.7432719786782
15 75 47.22202840520019
15 76 54.56392013842507
15 77 82.46544976992509
15 78 40.34960432701122
15 79 96.0904017443353
15 80 50.5069849690588
15 81 99.18207222576412
15 82 52.294952435678226
15 83 21.763648908170374
15 84 88.5119897218472
15 85 35.13768860028806
15 86 34.37903239578141
15 87 65.74889509116235
15 88 50.09152714148907
15 89 84.62588526589397
16 17 58.207834147481904
16 18 39.298912218914026
16 19 21.212512973215077
16 20 34.56174034588258
16 21 42.299505439224625
16 22 36.143555305476205
16 23 70.54891318530665
16 24 34.287473734753505
16 25 68.05853606400862
16 26 38.65127826222306
16 27 54.624410970728725
16 28 75.35288388069696
16 29 42.26860309475051
16 30 34.59783479904125
16 31 30.81665175345251
16 32 97.05013475456403
16 33 87.41020104678599
16 34 52.66515095121604
16 35 85.40194351004394
16 36 64.25478318361911
16 37 48.35629424604364
16 38 52.31774813138969
16 39 30.769817507177997
16 40 28.442595920648532
16 41 32.098716614667346
16 42 49.602181327520505
16 43 96.16051096397386
16 44 66.57288114636691
16 45 36.43156406360518
16 46 91.79514973740218
16 47 28.960935400621686
16 48 71.69006755907631
16 49 66.79155246075207
16 50 20.92600515962242
16 51 91.25746328757444
16 52 80.35536709278344
16 53 81.37237409564875
16 54 45.47614414445469
16 55 62.807991748712155
16 56 78.80760870804374
16 57 32.02715226751909
16 58 35.5576503270308
16 59 29.72037351605958
16 60 89.74441137283003
16 61 91.40323128973036
16 62 70.49352202562231
16 63 33.02716881092161
16 64 52.86555067237984
16 65 98.61261635420551
16 66 23.211231124872533
16 67 65.52049961920346
16 68 64.35818778173198
16 69 75.33623976574631
16 70 56.79286340201834
16 71 92.27532961917562
16 72 22.082503067980923
16 73 68.35030104256074
16 74 74.97028527179893
16 75 52.11253368785236
16 76 20.339006004353763
16 77 34.847202870950156
16 78 70.13195627604358
16 79 63.60548359188796
16 80 39.34091371602761
16 81 32.97333765818422
16 82 73.5682916381569
16 83 53.25799867930069
16 84 36.360351817799526
16 85 39.382983193716605
16 86 51.05010556884791
16 87 24.396527316043386
16 88 28.85784722895135
16 89 35.765598488678656
17 18 26.65376830463858
17 19 68.18155263258653
17 20 52.190827433181795
17 21 21.516234872885683
17 22 59.761376447157275
17 23 72.90029448330662
17 24 62.551406561250644
17 25 45.356404721721205
17 26 26.041565925518082
17 27 95.78203866806629
17 28 51.50437308862027
17 29 69.13840282580648
17 30 67.7553813769395
17 31 53.861439404418626
17 32 41.90436200158061
17 33 43.78504201162846
17 34 90.5208995582913
17 35 37.120341087211955
17 36 26.916058658226795
17 37 38.33757502369111
17 38 21.499192453063287
17 39 72.63722113335476
17 40 85.54663151812876
17 41 61.62035545154029
17 42 75.93930268917072
17 43 64.94305238579511
17 44 95.73269049170696
17 45 21.908744601754897
17 46 50.11986657482617
17 47 77.58566506339282
17 48 90.5297344217176
17 49 57.63561429936609
17 50 64.33790904371651
17 51 22.373715864399415
17 52 61.62632742948264
17 53 59.25096353493882
17 54 52.122590442918806
17 55 26.010219193364456
17 56 43.07695469726673
17 57 59.42608131782755
17 58 40.353757016551995
17 59 87.90336546532902
17 60 26.483278088434137
17 61 70.69050201956192
17 62 88.98960346012117
17 63 48.16023846591024
17 64 22.236229780806003
17 65 27.3624824996228
17 66 84.71094818021321
17 67 52.589826444343124
17 68 33.113723728258435
17 69 53.764770928215036
17 70 54.35132008727791
17 71 77.24760858468919
17 72 69.33390869574527
17 73 95.33472101494161
17 74 93.74985453903412
17 75 46.427910667972355
17 76 91.12276199343883
17 77 30.01673166769106
17 78 92.9504481389819
17 79 82.48825879296159
17 80 63.20266745342916
17 81 98.86874689194963
17 82 48.262786145499405
17 83 93.13271452656184
17 84 53.1773459588657
17 85 81.77421418787311
17 86 70.52101497473299
17 87 25.153802115852038
17 88 96.13517770167469
17 89 40.61981376869853
18 19 42.94354987641688
18 20 30.162184648253387
18 21 97.38799106741641
18 22 40.99734033682948
18 23 40.49846955807935
18 24 73.95041118022633
18 25 94.28720104518727
18 26 76.02580964518188
18 27 75.07454488220644
18 28 73.90904358236286
18 29 92.12396994059542
18 30 23.128926408089583
18 31 26.61449706437822
18 32 84.63002114257813
18 33 86.81957782088915
18 34 42.44978592578585
18 35 78.69062924652363
18 36 45.18696099989404
18 37 88.9046961709108
18 38 90.2787126204009
18 39 79.83291311322978
18 40 23.856028972824266
18 41 66.38358630706115
18 42 67.33731301461033
18 43 51.790752721534105
18 44 36.02601537060539
18 45 68.24880140874019
18 46 37.01174891582468
18 47 84.07317556259433
18 48 93.32746835109651
18 49 66.22130678607965
18 50 28.8896660081439
18 51 70.83160198553028
18 52 32.14108494557291
18 53 59.69008759683906
18 54 69.51667929617717
18 55 33.25608466629084
18 56 62.5350630875494
18 57 55.29947856446845
18 58 68.68675705926786
18 59 35.85824379292638
18 60 42.53147259004602
18 61 43.790174451493485
18 62 81.01140988234789
18 63 33.98799604926382
18 64 70.55457935923516
18 65 28.086008831654805
18 66 43.519385114634744
18 67 99.23382958030308
18 68 90.99192177606419
18 69 72.42751864011092
18 70 20.846746857122305
18 71 21.673033887382395
18 72 44.2000515985317
18 73 96.82826765538195
18 74 95.51251560335248
18 75 98.98514557598912
18 76 92.8034665040089
18 77 38.42587331924406
18 78 92.92917573843599
18 79 92.34866122827367
18 80 31.739103604793407
18 81 39.02200640745603
18 82 52.83685594029899
18 83 23.19154001549019
18 84 56.65768384552392
18 85 51.35141537055708
18 86 57.86883044912497
18 87 62.87865460008941
18 88 41.62065108982881
18 89 59.03870551753022
19 20 44.11961259927025
19 21 21.016181857548595
19 22 31.96902413758405
19 23 72.42509109267095
19 24 98.5712331164849
19 25 95.84703092034991
19 26 27.043684379861528
19 27 63.2755704285392
19 28 42.70074942453722
19 29 43.86503806202187
19 30 95.33862962547238
19 31 56.35064661508408
19 32 80.91197086416176
19 33 35.75474407363551
19 34 30.342891331773274
19 35 39.859272292512486
19 36 85.96053100150569
19 37 56.15380892344115
19 38 46.745431459041015
19 39 64.56209746313233
19 40 61.31338030556315
19 41 73.04673162477563
19 42 88.80984771842454
19 43 43.81749781759342
19 44 58.041587539368116
19 45 87.49985029000999
19 46 62.659758900111264
19 47 30.695413663089155
19 48 52.34992813845
19 49 22.639301037547064
19 50 83.90731433933584
19 51 73.14527718705845
19 52 97.27540065042763
19 53 83.9349686964539
19 54 35.810159972486716
19 55 38.129595479319995
19 56 73.85700146580905
19 57 54.29769487985699
19 58 72.16721279671188
19 59 68.23790263061522
19 60 93.45778473386406
19 61 29.761355849883977
19 62 33.03206066458867
19 63 27.592382322222335
19 64 29.274351115822572
19 65 43.057220554332645
19 66 34.859241593579554
19 67 77.69357766875794
19 68 47.147385616045234
19 69 82.7996132263051
19 70 81.89944711947011
19 71 90.24586910237304
19 72 84.06008824111392
19 73 72.28369287715694
19 74 72.95895888563054
19 75 99.62509272120528
19 76 91.46496861177368
19 77 42.181270042911805
19 78 73.55057878634047
19 79 87.55839314397639
19 80 39.925760958145354
19 81 25.99937276496652
19 82 91.89202713264135
19 83 73.1801967074056
19 84 26.250365541060745
19 85 49.407551365304776
19 86 93.17583955150093
19 87 36.59196002735554
19 88 76.90866421303676
19 89 68.95980763955993
20 21 45.29664376375733
20 22 39.43816420005889
20 23 94.23978737926578
20 24 44.54540840053322
20 25 61.80338266522455
20 26 22.207493210158304
20 27 32.82789876355164
20 28 78.5916902428086
20 29 54.489886393271824
20 30 97.63863408019931
20 31 54.82872035259504
20 32 59.83971783722403
20 33 93.79545372346564
20 34 34.754076791093105
20 35 35.97220173987096
20 36 26.33513548989942
20 37 47.01533107785819
20 38 82.60216522909927
20 39 72.22220158701293
20 40 55.05960820791235
20 41 35.33495757697311
20 42 46.265613072874814
20 43 91.73767754953693
20 44 82.61192744498695
20 45 45.3180980564494
20 46 81.33420024930385
20 47 37.601942997465144
20 48 41.196230565969955
20 49 46.38785538754257
20 50 92.82350192620058
20 51 65.88810307055817
20 52 38.46574875478073
20 53 28.270486146323428
20 54 46.18858370347009
20 55 91.38139687618983
20 56 68.61988217344293
20 57 98.37513414666722
20 58 54.71114846386128
20 59 74.47925732048648
20 60 93.49556806458567
20 61 31.674906668503404
20 62 48.58488841731373
20 63 57.8901045311341
20 64 96.04677090694979
20 65 49.2307539587734
20 66 70.74999212361001
20 67 31.82318871368632
20 68 50.2795977514501
20 69 41.90764694338131
20 70 50.70520893172278
20 71 69.85224350487805
20 72 39.11136192627174
20 73 74.24570502178017
20 74 97.9565954582929
20 75 73.7003912682273
20 76 93.7391907216879
20 77 27.181878350918176
20 78 32.31919033518401
20 79 68.93145750422678
20 80 56.790597684638875
20 81 91.13647843382579
20 82 84.57431094792022
20 83 73.8822089110676
20 84 44.225327436542656
20 85 92.69115136700498
20 86 64.20536708876291
20 87 29.864695316141365
20 88 80.13321434320082
20 89 55.698537727516715
21 22 47.75837966110451
21 23 82.46594862295633
21 24 93.75986634084683
21 25 35.42742468600427
21 26 53.62338949463894
21 27 66.37658439635258
21 28 21.84676644665343
21 29 99.66187613352345
21 30 70.33946001367568
21 31 92.35012264987971
21 32 63.60008539496864
21 33 98.9775627349619
21 34 92.00763071007431
21 35 27.66446088609097
21 36 54.20318829707371
21 37 87.09036353909391
21 38 79.37126537259076
21 39 55.30539306555541
21 40 36.705478510390044
21 41 54.26039541048869
21 42 72.23932690540627
21 43 32.32865363918677
21 44 75.61729221165454
21 45 44.482128195857356
21 46 25.877711576450437
21 47 98.2436018061521
21 48 88.74464219741951
21 49 51.747988118921626
21 50 69.00406729973687
21 51 33.4538302309829
21 52 21.744234347102925
21 53 46.719142043898856
21 54 94.8583528090198
21 55 44.91073414194674
21 56 69.86118861509898
21 57 65.76137943042582
21 58 70.8264207522852
21 59 55.32877938625815
21 60 30.707548514161374
21 61 31.363181489308552
21 62 71.28395187387883
21 63 21.78428111804413
21 64 77.59631972955827
21 65 27.84780323037812
21 66 30.120530718703343
21 67 41.01863165426015
21 68 50.443196029223714
21 69 91.87167857883472
21 70 57.763231691603146
21 71 41.10834513830358
21 72 56.16220872382755
21 73 88.16114731745394
21 74 87.80674162520255
21 75 64.45430707135637
21 76 53.09382872454897
21 77 91.8781192843429
21 78 20.634369138912916
21 79 93.39061872602676
21 80 72.41192062128921
21 81 39.223331160483035
21 82 50.94229610886531
21 83 88.6118491401547
21 84 88.44352985337102
21 85 65.63568052964871
21 86 83.9131231255635
21 87 73.34922598489747
21 88 61.49391992686418
21 89 54.85769675637292
22 23 24.63532483944625
22 24 62.80458165789309
22 25 85.04594334406565
22 26 52.06551779639469
22 27 43.66129073792806
22 28 42.712569904976085
22 29 76.2659657079813
22 30 49.72063866453874
22 31 41.36949923140476
22 32 31.914056461309038
22 33 22.333042474481466
22 34 45.29424986877164
22 35 96.52406818615282
22 36 52.88714075104324
22 37 65.78197583036845
22 38 70.93657409570197
22 39 71.51255612729216
22 40 95.94884418376672
22 41 80.3373774382743
22 42 93.59796481920496
22 43 73.37391025346858
22 44 27.890574053110555
22 45 82.6758464848578
22 46 95.10294419585986
22 47 62.90666055676524
22 48 97.81858540723356
22 49 62.801922651819375
22 50 71.6991170958409
22 51 35.482257156767204
22 52 29.508673639878992
22 53 20.756793015059305
22 54 69.92103882576174
22 55 26.9096058843692
22 56 39.6175019967524
22 57 57.404611580494134
22 58 65.02271991700323
22 59 85.60458811663155
22 60 80.64738473053264
22 61 59.18673051341528
22 62 54.17298631162075
22 63 59.109659109743816
22 64 69.3120238032659
22 65 60.70456164282465
22 66 90.07110303954198
22 67 35.413131563320675
22 68 91.48509463082887
22 69 82.02728311938202
22 70 93.89586086797547
22 71 84.58142162164458
22 72 39.98411058062939
22 73 22.101942367369915
22 74 46.64697193710923
22 75 82.32972067091212
22 76 95.68570289265459
22 77 20.069743230027186
22 78 67.00712426834272
22 79 63.56328555626271
22 80 98.20213043131551
22 81 58.13530276326341
22 82 61.03065263179141
22 83 41.46318739375586
22 84 54.79096193714302
22 85 61.640153904655755
22 86 83.37338138155116
22 87 48.005943274535824
22 88 98.39269776475302
22 89 31.617372812126405
23 24 42.45689264315022
23 25 49.50250932508151
23 26 88.68244971503607
23 27 39.55436613140368
23 28 61.34782521775043
23 29 65.70163473353131
23 30 95.10327491520526
23 31 87.841027133132
23 32 80.60298325119466
23 33 73.57398814709876
23 34 95.28436824823441
23 35 60.81718061172403
23 36 55.52550088351894
23 37 95.57420963497009
23 38 22.69401572340704
23 39 55.197752532005964
23 40 34.9285510813766
23 41 73.59984594672135
23 42 25.868313425991065
23 43 42.213529487529165
23 44 91.518432021002
23 45 99.6821515127906
23 46 36.3491239218809
23 47 67.00800144259753
23 48 62.17871819117546
23 49 36.90262367389113
23 50 49.1452754906047
23 51 91.3599978257831
23 52 31.711127579404767
23 53 43.33560152588579
23 54 95.17463995594755
23 55 24.079421020594907
23 56 52.59000234371822
23 57 53.58807948890756
23 58 56.82998254009333
23 59 88.28307536525737
23 60 37.835804475482924
23 61 73.68631986025684
23 62 41.553981117674574
23 63 46.27096066137916
23 64 60.631624123005764
23 65 49.43494950540307
23 66 95.3346750857704
23 67 50.14475976275555
23 68 44.745731795397255
23 69 56.29193206259806
23 70 88.83720996548305
23 71 71.44624093983747
23 72 43.96618449037951
23 73 49.91274800284675
23 74 56.997636907951986
23 75 71.55190793896665
23 76 60.29391450767796
23 77 88.74487716344652
23 78 30.931265369972998
23 79 43.19490225017064
23 80 22.835488441682568
23 81 90.30024878888077
23 82 86.2039443833039
23 83 39.623897992443354
23 84 49.74113781383268
23 85 35.74514330369694
23 86 80.10607013424875
23 87 35.74278737194256
23 88 53.87163307433612
23 89 99.47028104973326
24 25 72.86329838695275
24 26 85.2635981918931
24 27 58.31168684843176
24 28 94.20345569927336
24 29 83.89807378824781
24 30 31.233577960356982
24 31 43.41792159737244
24 32 82.09987506747743
24 33 74.85447091040204
24 34 31.538858957210216
24 35 77.3592456859715
24 36 30.275836730017982
24 37 84.45687267035812
24 38 24.869473171266083
24 39 88.16956453222272
24 40 57.194772976162426
24 41 62.21955521435805
24 42 71.53522089100409
24 43 57.365454087464244
24 44 51.66843742777084
24 45 75.0083461039726
24 46 72.32543536292687
24 47 81.20468974559462
24 48 72.01796710748141
24 49 70.90915697323705
24 50 55.9245650853766
24 51 52.04494613751905
24 52 27.24196705481291
24 53 38.02461235162348
24 54 96.96095312505062
24 55 73.54747516973121
24 56 31.81197417773418
24 57 62.35128188584464
24 58 20.40380029492601
24 59 49.7917592186872
24 60 51.494180277336596
24 61 90.4458898081782
24 62 42.153183447851006
24 63 47.83513621095225
24 64 68.2621470786277
24 65 95.76464441774637
24 66 51.710200743643
24 67 83.24682688199493
24 68 41.65047798983408
24 69 48.4297254222622
24 70 33.18563640668472
24 71 40.65553540009486
24 72 36.232505609999144
24 73 39.81546913362241
24 74 38.52255276077269
24 75 83.97345509355893
24 76 62.78836811176379
24 77 81.73686028356288
24 78 54.92103736152199
24 79 87.5589847926633
24 80 32.70506871718424
24 81 27.69248596948512
24 82 20.26216302123176
24 83 57.75742278068603
24 84 60.618825343166506
24 85 42.618218034175186
24 86 97.36201626417453
24 87 78.21824274497071
24 88 51.558945826196066
24 89 55.44225038077602
25 26 32.64750283392017
25 27 29.15755987179546
25 28 77.16606322439432
25 29 31.346129318582683
25 30 82.56145269337846
25 31 73.13223498399773
25 32 58.62885970728858
25 33 54.06754969482998
25 34 23.154960394465178
25 35 53.287509567826135
25 36 33.65822010685251
25 37 43.111958495645304
25 38 93.64146262180489
25 39 69.42353680896832
25 40 20.809132608832364
25 41 98.57634442523774
25 42 83.56388953152523
25 43 73.08900446884243
25 44 23.0379828363954
25 45 68.42386906219474
25 46 28.875495953389674
25 47 31.730476335434943
25 48 86.70760950150937
25 49 87.43390665668595
25 50 86.11612065375121
25 51 73.53263915184402
25 52 91.46845656036749
25 53 47.16484674223909
25 54 73.35469218375621
25 55 30.553534077520837
25 56 29.885611400738277
25 57 58.13137857751508
25 58 33.40848958230838
25 59 67.94160922144697
25 60 20.77310135671909
25 61 22.390165823128612
25 62 69.07292550892956
25 63 62.96401461526059
25 64 44.34926640982213
25 65 23.13383840181471
25 66 41.6724482042327
25 67 38.33547421370439
25 68 66.36491823351032
25 69 75.18060275361229
25 70 86.59491592213571
25 71 73.55944692484974
25 72 97.41567330518639
25 73 96.65756569965386
25 74 96.7246721441117
25 75 34.285629652098635
25 76 97.06180463484701
25 77 42.03872001861151
25 78 97.09205631383826
25 79 79.49236366842175
25 80 61.76835057689378
25 81 36.520231630860984
25 82 85.9671923163316
25 83 20.408898208318604
25 84 27.505654067749525
25 85 57.625819768880156
25 86 34.07081776178626
25 87 23.95105026130139
25 88 37.043814542421025
25 89 21.223541047318264
26 27 77.48276333884289
26 28 53.255569352684574
26 29 27.311852416401116
26 30 20.205185213614794
26 31 91.27664631042188
26 32 76.69894532047874
26 33 68.43510369528605
26 34 92.66864671034544
26 35 60.02573941113952
26 36 57.90424573333009
26 37 53.86742211072031
26 38 36.43964554789551
26 39 78.42336703724395
26 40 98.10871773225627
26 41 81.72516416497817
26 42 31.932705680761934
26 43 60.059479283191095
26 44 23.835332048015545
26 45 88.09341043952597
26 46 21.158333731160177
26 47 85.96749124357325
26 48 31.525144978152504
26 49 62.60711079948868
26 50 73.99298417675331
26 51 65.2631107572185
26 52 22.889884674132954
26 53 45.86303676484826
26 54 34.64111570232922
26 55 36.814840803561985
26 56 42.14976042996501
26 57 42.739499374102266
26 58 79.16183026554498
26 59 52.991606360519796
26 60 58.36310947638494
26 61 78.36575121781868
26 62 50.229456636905525
26 63 93.72731950258742
26 64 24.29551918704678
26 65 72.73736675450351
26 66 46.75712193917786
26 67 57.45221962764824
26 68 59.43850544845722
26 69 38.08719701397591
26 70 93.06439635409899
26 71 73.46917872510872
26 72 88.67274692493199
26 73 95.80550256174092
26 74 67.09408863006492
26 75 25.076982665802863
26 76 56.89849102860517
26 77 25.66095937860829
26 78 31.074509024894283
26 79 97.70066877533408
26 80 98.43176906662148
26 81 55.441388248848824
26 82 42.60349257456177
26 83 96.67289286338328
26 84 45.06083225922459
26 85 74.41918207497517
26 86 29.152809375507395
26 87 81.72312745042076
26 88 20.324289415682824
26 89 61.209168267494114
27 28 37.11903626626189
27 29 62.46706580247821
27 30 66.30728356140649
27 31 95.00447866123503
27 32 62.98867370624216
27 33 94.28451427073749
27 34 21.032505145539602
27 35 73.14974168869375
27 36 22.47527834624039
27 37 85.63401953868515
27 38 91.88882728876577
27 39 57.71791112722325
27 40 30.929227956596435
27 41 80.5222535304805
27 42 73.37593356569027
27 43 35.5298102488219
27 44 39.54779751008148
27 45 68.15194622220449
27 46 23.60166121747077
27 47 22.989539142825492
27 48 23.21283107935735
27 49 79.39808692305282
27 50 63.651859254946615
27 51 35.65937246848122
27 52 49.60094483319898
27 53 97.25544478031014
27 54 25.98791561927614
27 55 77.6404905493201
27 56 79.79536981978534
27 57 34.09175241372962
27 58 67.37755683734574
27 59 80.21562783980542
27 60 38.73107950146622
27 61 34.70439567286718
27 62 71.51479040694005
27 63 30.57019394563781
27 64 50.48468900269639
27 65 95.52471740913938
27 66 65.3681902779375
27 67 55.92859723541551
27 68 66.38168480818366
27 69 48.72499640401476
27 70 26.472922147970934
27 71 67.368998843522
27 72 56.624882214269064
27 73 51.71044593821908
27 74 74.16630077948878
27 75 53.69258818785014
27 76 83.54437974208614
27 77 71.65312432854319
27 78 53.54978593078553
27 79 80.49624502059157
27 80 44.06903521322916
27 81 36.07420075437047
27 82 44.95861806066931
27 83 89.7635895826986
27 84 36.92939733860278
27 85 37.97479722529672
27 86 53.18749736196957
27 87 27.91916524366968
27 88 72.79552207628169
27 89 50.90675339144288
28 29 56.416779043856806
28 30 74.15926289860265
28 31 35.1840106482416
28 32 62.104946214822476
28 33 67.28138387788269
28 34 39.044532666436204
28 35 99.41614281882157
28 36 84.49297198839436
28 37 30.11222375623391
28 38 97.27222715912126
28 39 28.18737827188139
28 40 45.79213169710375
28 41 59.7840097329928
28 42 26.302422389836238
28 43 49.871011894413044
28 44 92.2826600656493
28 45 40.19262697564802
28 46 95.88516261133871
28 47 57.62478529648948
28 48 59.01629607618542
28 49 39.94612281393472
28 50 54.70902793332635
28 51 30.928428078229633
28 52 77.10711364062264
28 53 65.12318186769424
28 54 53.65014736079162
28 55 62.76212267237453
28 56 62.07324828437351
28 57 56.142380762373456
28 58 20.43954597168133
28 59 44.305490855646504
28 60 78.45065158366604
28 61 92.39515825278438
28 62 89.98910464174816
28 63 95.21699703824717
28 64 95.18458353040772
28 65 84.11740102014886
28 66 64.09328650499728
28 67 86.42515173124268
28 68 60.198214369590524
28 69 29.49290553486021
28 70 49.520742822953004
28 71 24.96639513977783
28 72 63.043354785237284
28 73 52.416979827849914
28 74 61.47882817131595
28 75 89.03773056033238
28 76 46.667623150177455
28 77 67.3507500402566
28 78 44.13260454493169
28 79 51.618708858854106
28 80 53.83299704392313
28 81 95.89160217692911
28 82 45.85800254430617
28 83 39.927481978521186
28 84 67.45076206465536
28 85 54.35277537453508
28 86 56.082966599426946
28 87 47.05908919099155
28 88 83.11102548669922
28 89 79.671013888049
29 30 69.66464862207542
29 31 69.80795866366009
29 32 28.536843884585554
29 33 85.5225982679529
29 34 34.89970121606028
29 35 94.57807206415042
29 36 82.33864177245985
29 37 45.11242633822336
29 38 50.474853800840776
29 39 25.45302740673914
29 40 80.55468946392529
29 41 71.74260558693334
29 42 34.76242220109354
29 43 84.81154428915166
29 44 45.842623430880955
29 45 20.08036420639887
29 46 37.446799647406365
29 47 99.18845731358064
29 48 78.09157579984829
29 49 86.61222049169635
29 50 67.09743670634445
29 51 43.1195631896602
29 52 94.29359003228825
29 53 38.121853803584365
29 54 34.81905550329842
29 55 51.99249364072073
29 56 63.32743278885075
29 57 37.18018821068217
29 58 69.73658016057641
29 59 96.52341597511003
29 60 58.1115133410355
29 61 70.6103267278736
29 62 33.05917435486366
29 63 79.07306960063173
29 64 69.38504752532965
29 65 40.82794177657384
29 66 68.85446402124776
29 67 78.95297339888742
29 68 94.84446500274822
29 69 23.092221937810375
29 70 70.66087528152349
29 71 75.68919538066169
29 72 56.27377900129126
29 73 91.6120934738075
29 74 24.73500492572783
29 75 46.11076407701469
29 76 27.294163999756698
29 77 87.86638778277333
29 78 65.28813244024556
29 79 78.96966712882872
29 80 47.198334396180485
29 81 65.83969737931733
29 82 62.319856545062834
29 83 84.04362239452665
29 84 54.13926179521357
29 85 75.48490906983204
29 86 89.41832345970855
29 87 97.69054949595264
29 88 49.98219908853817
29 89 95.84007045767315
30 31 61.385739758405464
30 32 83.87802471270615
30 33 71.99361083629054
30 34 94.8303295306373
30 35 56.49445409593014
30 36 40.21982171402083
30 37 74.3572896085407
30 38 48.063284432871825
30 39 41.735774463574955
30 40 26.3268633199836
30 41 53.19281356001321
30 42 72.2140032466408
30 43 35.184946680177006
30 44 36.60173462805819
30 45 74.08792814259985
30 46 33.62100950707845
30 47 20.750611198393976
30 48 74.49142249406945
30 49 33.485327265246845
30 50 53.25102501573781
30 51 56.42562655290176
30 52 88.43331181880983
30 53 24.177797193141288
30 54 50.98309412925634
30 55 40.00105565495463
30 56 96.07681952475771
30 57 87.34287382223555
30 58 75.3590869974624
30 59 40.97465304537182
30 60 80.27580845814128
30 61 97.24308018183281
30 62 84.32068435705433
30 63 68.43695225516316
30 64 69.83727902689128
30 65 52.91402458842171
30 66 54.10637898807954
30 67 58.891227038788216
30 68 99.00520511904142
30 69 87.8799153485073
30 70 91.91151483058384
30 71 74.60090502475654
30 72 67.57271755696459
30 73 82.85389350069937
30 74 66.32243539951929
30 75 97.1182786638192
30 76 55.28890035701621
30 77 99.50000378170205
30 78 92.72199089838858
30 79 86.61936034822827
30 80 43.869215703829816
30 81 84.70108438241016
30 82 45.84955322594255
30 83 80.94414426511491
30 84 88.93921229220587
30 85 32.33822643078321
30 86 56.35876831601248
30 87 63.036953002160494
30 88 77.27121555882194
30 89 72.11622874250834
31 32 68.50192863260521
31 33 28.725468778625576
31 34 98.6459611371915
31 35 30.61113659766641
31 36 35.377068462240445
31 37 56.48514428940102
31 38 49.574986892671134
31 39 46.11295540879045
31 40 45.519350285684595
31 41 76.67489010168413
31 42 83.80995227476842
31 43 52.03153675191716
31 44 62.432626590589564
31 45 65.77577748820778
31 46 57.64139005824143
31 47 81.48910362572488
31 48 35.070205779187276
31 49 76.31699836997626
31 50 71.19275786959344
31 51 56.78325111312251
31 52 37.57688076695142
31 53 35.16472367601192
31 54 34.52108690783662
31 55 52.72932855078654
31 56 74.70986584151902
31 57 34.33871410002616
31 58 91.77350707917935
31 59 55.44920727586609
31 60 81.18599961146393
31 61 35.527869157007345
31 62 45.274368377434335
31 63 30.599145132127052
31 64 35.111097312950825
31 65 64.01802201406605
31 66 78.75657455459901
31 67 53.79361875529816
31 68 85.79117813506454
31 69 22.175287894797826
31 70 97.5119774539032
31 71 94.52160489016876
31 72 85.71969097366942
31 73 42.563048965259796
31 74 95.86276160640219
31 75 29.497798224772048
31 76 34.16274895012339
31 77 34.62106143453286
31 78 45.30077930987457
31 79 39.15319977403761
31 80 63.50462411312585
31 81 63.096181725102554
31 82 60.30783770552185
31 83 64.25264939094254
31 84 83.42817727685984
31 85 51.01738581092966
31 86 73.3206297438619
31 87 79.44651782119598
31 88 82.83627509332509
31 89 77.65024564773677
32 33 52.07471403088549
32 34 55.9863325107242
32 35 52.05071164068493
32 36 52.56873280900735
32 37 79.74513603114212
32 38 56.59067614671208
32 39 48.83621961803691
32 40 46.95567045663353
32 41 76.76493811240799
32 42 67.76695711741903
32 43 55.622281108714446
32 44 33.55349657816106
32 45 41.701019243661214
32 46 53.83791986660807
32 47 24.371333089180727
32 48 84.07313214957696
32 49 90.44456850867181
32 50 77.48226865857428
32 51 93.13936129520228
32 52 33.8793206670874
32 53 71.23546131214296
32 54 69.00208478550311
32 55 79.1693621853348
32 56 58.162886684721464
32 57 66.40586965970817
32 58 68.54135226960268
32 59 87.51331377406983
32 60 87.53276322345283
32 61 50.63836018163664
32 62 90.02946631008116
32 63 86.73557467805973
32 64 25.208242540070003
32 65 56.206398331670016
32 66 58.92188227820968
32 67 82.10749273261182
32 68 77.698520403892
32 69 97.27367487128585
32 70 55.41434018043066
32 71 74.53721244660196
32 72 30.836834766836006
32 73 77.94655546145961
32 74 69.06065360474321
32 75 32.53558848827324
32 76 75.86654349935601
32 77 58.64224507329311
32 78 70.90349565494523
32 79 66.79303941540164
32 80 26.931616369690204
32 81 27.65025777080381
32 82 90.7927047036114
32 83 64.65755846743238
32 84 59.208906932040776
32 85 82.03621187449417
32 86 70.20918898792266
32 87 92.44186911642925
32 88 83.19499133543901
32 89 81.1433334979412
33 34 84.11303546508832
33 35 53.979758478065605
33 36 46.61435238803283
33 37 77.00388444287097
33 38 96.97795391328276
33 39 34.16590262065421
33 40 59.332735154909145
33 41 77.80374824112894
33 42 60.398973341373065
33 43 92.25106058213683
33 44 35.76870034027053
33 45 76.267266809856
33 46 51.72283737104052
33 47 28.76359083431516
33 48 43.57408454361536
33 49 95.31320099579831
33 50 66.15068111427573
33 51 32.56591116292854
33 52 75.85067683946589
33 53 99.37629535848852
33 54 48.9017735512492
33 55 29.28204839870456
33 56 56.6298131204703
33 57 70.68566814392875
33 58 46.8112773411164
33 59 66.81429749594648
33 60 79.81773947721726
33 61 72.45110501294222
33 62 69.69563540739112
33 63 26.828310445803723
33 64 84.3690146079348
33 65 74.53480247875649
33 66 79.50250510196936
33 67 23.150586836036595
33 68 48.05982256054098
33 69 45.78171151249678
33 70 44.151834709727254
33 71 43.2922780509374
33 72 24.26926199518938
33 73 78.06243099793679
33 74 75.78775772417563
33 75 79.65499351858912
33 76 20.107510305479302
33 77 65.56062547960784
33 78 45.61524224587308
33 79 79.18764459183039
33 80 82.32154768824148
33 81 23.852394278856313
33 82 23.039672164633515
33 83 87.33366079005219
33 84 68.95298085796576
33 85 51.01357960540103
33 86 97.48604908928571
33 87 35.1431880249084
33 88 72.54627044777321
33 89 52.50021235337924
34 35 74.91676367509675
34 36 20.243696608096464
34 37 99.96026829622309
34 38 89.197624670019
34 39 64.27388056564439
34 40 84.0087321935769
34 41 46.2170710164413
34 42 86.34366421965832
34 43 88.96306201859696
34 44 94.90950462038398
34 45 91.03159496798239
34 46 25.413315289634866
34 47 58.00534694574107
34 48 82.96979817924935
34 49 34.01494518436863
34 50 88.74706040643184
34 51 48.859886153911916
34 52 52.38017552555189
34 53 95.15071798643632
34 54 51.694132065693495
34 55 69.22588208351621
34 56 77.34160328159163
34 57 36.62994824796769
34 58 49.28383834708441
34 59 87.53726937069138
34 60 78.56570846616648
34 61 86.24059770353718
34 62 32.06610911643697
34 63 59.61520339434817
34 64 66.40044146219589
34 65 61.40653943089362
34 66 82.83339344170176
34 67 99.42856720614114
34 68 77.82590417413229
34 69 61.17744311550909
34 70 51.1202699252198
34 71 22.316187768963857
34 72 34.494426240237374
34 73 69.82143792533276
34 74 62.52289599419818
34 75 50.617416133840464
34 76 63.86720532858884
34 77 97.98272963186331
34 78 98.47099255251742
34 79 52.2206365290813
34 80 24.78891039914678
34 81 62.760001467528284
34 82 28.241585482336564
34 83 43.63219363502548
34 84 44.70309022200186
34 85 42.8734181690438
34 86 75.14664185377889
34 87 80.77685596179327
34 88 68.012529920098
34 89 30.374008413850973
35 36 96.14309500787115
35 37 34.632027757304954
35 38 80.65222191710353
35 39 22.31919086313902
35 40 97.56987650208404
35 41 50.54566777931931
35 42 67.84607912383086
35 43 95.72396531287953
35 44 52.36911737866214
35 45 46.145586555332045
35 46 55.356274875666855
35 47 96.93805662024867
35 48 95.0313229450987
35 49 24.60233208221713
35 50 39.073725225382425
35 51 57.92779909172011
35 52 26.553317459763814
35 53 49.41813458639572
35 54 79.67054467859629
35 55 76.1952818479164
35 56 70.96990260359394
35 57 28.025892859745618
35 58 76.72936641993013
35 59 40.430640749842496
35 60 21.748565471090746
35 61 50.6090310324185
35 62 67.11965236302531
35 63 39.34933125318531
35 64 77.97299103609896
35 65 93.70560511452422
35 66 21.922458593892465
35 67 44.02822313695981
35 68 95.74609268255337
35 69 55.95444087094541
35 70 85.73198681781898
35 71 38.7308324442384
35 72 68.44659555111497
35 73 29.003745152312376
35 74 67.65122603037642
35 75 47.584187869840406
35 76 72.7816951319852
35 77 93.2366287418399
35 78 95.67106262039316
35 79 69.14418900166277
35 80 70.03357513255929
35 81 60.223159926886126
35 82 39.940766201861564
35 83 99.85899126071948
35 84 75.76185470249553
35 85 68.94749087834369
35 86 24.971605781756054
35 87 64.50561655378075
35 88 57.080654623399894
35 89 34.89729729347589
36 37 76.39186686245985
36 38 64.81179597768651
36 39 53.841164344870485
36 40 84.62761051269669
36 41 49.67374858865366
36 42 83.95229980297401
36 43 95.88193639865047
36 44 90.63066668369191
36 45 20.28604900635471
36 46 96.89665048896072
36 47 57.4868593757997
36 48 38.79508641601611
36 49 32.96594665838818
36 50 89.12273312838387
36 51 83.74571697752756
36 52 70.20995899273942
36 53 74.78626633020735
36 54 38.30300611363468
36 55 38.32793428470588
36 56 32.938887226606425
36 57 80.13102643406253
36 58 41.90050009815431
36 59 91.1112566047408
36 60 35.214627543211066
36 61 31.096668752053887
36 62 52.55395062641365
36 63 50.273519380790574
36 64 36.63816966126825
36 65 35.63431089486399
36 66 96.6555083968685
36 67 22.871354369684724
36 68 78.53069552385332
36 69 64.09319850380079
36 70 43.40079144371944
36 71 84.9119545076485
36 72 33.81232864114694
36 73 31.934039784587497
36 74 47.024909263169306
36 75 67.3216174315786
36 76 62.91201804524072
36 77 46.32133136363819
36 78 41.13671122423551
36 79 83.47653667328882
36 80 27.85110479289127
36 81 81.17203544199806
36 82 64.87184257191696
36 83 77.63785316313508
36 84 71.60037042214753
36 85 58.53204242775099
36 86 65.63275006322272
36 87 48.36705888573529
36 88 25.121898790100225
36 89 72.6045099837514
37 38 94.6117381065348
37 39 97.46623672599111
37 40 65.1062267753656
37 41 39.051068746065816
37 42 74.01051001803725
37 43 62.76203195344128
37 44 71.10588078053016
37 45 61.62100502830686
37 46 24.4612511684738
37 47 39.02606314633172
37 48 41.58038725891241
37 49 27.677041696518945
37 50 57.37822730266609
37 51 98.54600467722003
37 52 35.683285669603215
37 53 81.7358960400831
37 54 29.149631461382832
37 55 76.20105698751726
37 56 67.95846323698882
37 57 87.96614576247714
37 58 27.707189259795513
37 59 63.946687574003825
37 60 53.33656724868448
37 61 97.2007323548393
37 62 42.81181013359558
37 63 21.83588230973358
37 64 36.08483629920578
37 65 88.69176736358854
37 66 41.191360416036616
37 67 43.412106881331525
37 68 22.087891185058297
37 69 29.017381273878577
37 70 87.48132743248374
37 71 96.01772312873321
37 72 23.024161164969826
37 73 30.337305788490294
37 74 79.84096267899076
37 75 89.60832389928376
37 76 67.72753654837302
37 77 75.45122480494571
37 78 29.580003960163612
37 79 63.04372565833808
37 80 59.05640064436796
37 81 67.47278531020174
37 82 32.677738954756094
37 83 67.38158814720306
37 84 39.5809914864884
37 85 72.05186817286634
37 86 50.01392380307329
37 87 20.82967364908111
37 88 45.02484315588275
37 89 57.91310832771539
38 39 49.480146340387144
38 40 61.49393198095766
38 41 64.10967472082386
38 42 76.5568488505543
38 43 32.570638220623636
38 44 85.79218385912239
38 45 53.22971734879394
38 46 53.22798912777165
38 47 62.53070218078737
38 48 36.319946693774455
38 49 55.87300935794819
38 50 79.36458475612525
38 51 21.495477793662534
38 52 85.63293572770972
38 53 83.20262886700165
38 54 37.12354385606403
38 55 22.544783425243544
38 56 34.95421482110706
38 57 52.00123434910995
38 58 46.7893210382346
38 59 53.10740608672355
38 60 81.45130055273178
38 61 95.43703871828913
38 62 57.26398319314124
38 63 55.549397383740875
38 64 87.85945641426775
38 65 65.45703622267851
38 66 60.51644802792023
38 67 54.077215146950095
38 68 76.66140171799094
38 69 61.10996846485108
38 70 90.94900368484355
38 71 51.442308762086256
38 72 86.73113456533058
38 73 92.97061922787175
38 74 31.061972036384375
38 75 35.59781254165521
38 76 85.31489507821217
38 77 42.59676329184698
38 78 50.77674572219428
38 79 27.073422341185733
38 80 55.48316623301558
38 81 77.28080983243663
38 82 79.57552876418345
38 83 86.13906981610383
38 84 29.75996348748798
38 85 34.944050353166894
38 86 26.725914411714015
38 87 52.736706937103946
38 88 41.516501232447645
38 89 40.820078105500016
39 40 40.976321869977795
39 41 43.1813008422596
39 42 74.43465255563325
39 43 85.36195808377515
39 44 49.54844411008281
39 45 41.60016738098729
39 46 22.461629756957542
39 47 51.93939088380311
39 48 82.65672580051701
39 49 27.10648707361619
39 50 46.56432123618262
39 51 42.405046924177825
39 52 63.14212867742924
39 53 67.87367335218926
39 54 51.090887723328926
39 55 79.74691400089269
39 56 40.09334016181403
39 57 77.52650711741823
39 58 72.56319478758513
39 59 23.579940608764947
39 60 69.8263195391454
39 61 85.19866633706731
39 62 46.76116743990126
39 63 37.68071206849402
39 64 41.09550337632367
39 65 49.70983833562785
39 66 61.93365510330701
39 67 87.5098918769467
39 68 35.208656320946176
39 69 43.500951283819475
39 70 46.63356775741656
39 71 46.74836960122632
39 72 66.71790157090719
39 73 42.618456800255835
39 74 86.43028509331069
39 75 51.24951749723445
39 76 36.554411289895654
39 77 43.13352467137199
39 78 73.58593531776486
39 79 73.72701508077982
39 80 99.64559855344994
39 81 72.23202974742432
39 82 87.11032257485085
39 83 20.862020247979693
39 84 77.20742242048814
39 85 73.20584970400269
39 86 93.77532365356382
39 87 94.0844697395819
39 88 42.81516935563482
39 89 40.754811264569504
40 41 78.74372528238804
40 42 49.438706655544195
40 43 84.64195271299711
40 44 39.57362253336748
40 45 73.29553433570916
40 46 38.23575871523511
40 47 90.29299725985531
40 48 51.8926733761998
40 49 99.45984398387408
40 50 34.939631041837984
40 51 92.2586534542938
40 52 49.12664985773571
40 53 46.897298919508515
40 54 62.617040117453655
40 55 57.43728387140666
40 56 51.91079091796783
40 57 86.39246100066912
40 58 76.56803167341234
40 59 83.20529917411261
40 60 36.54091312975383
40 61 24.304505937244603
40 62 62.05553246698792
40 63 20.592063688783078
40 64 75.48284764284763
40 65 94.6527802925619
40 66 37.68359567355003
40 67 59.64278429923178
40 68 25.065938773307323
40 69 27.57276107165774
40 70 22.5966331157327
40 71 67.8722470013079
40 72 78.75872268705865
40 73 20.335864355684148
40 74 75.71216644904007
40 75 22.36447733638137
40 76 60.81024131954639
40 77 71.2384446121404
40 78 94.59566016313518
40 79 64.55619662212939
40 80 90.18460724258094
40 81 69.71247810217969
40 82 46.83586698560846
40 83 50.679388080289854
40 84 34.42803525908027
40 85 56.65638132590899
40 86 99.45955748080755
40 87 41.67438748441739
40 88 46.009127824396316
40 89 59.2774458709724
41 42 80.8068723137389
41 43 32.51414332737835
41 44 75.22120246281276
41 45 35.53210664247147
41 46 50.875261880673186
41 47 81.27161252977538
41 48 74.19234453058522
41 49 94.03180736410215
41 50 31.42649571554341
41 51 94.17927128378716
41 52 96.94427383926828
41 53 74.54112686163981
41 54 58.65729455716354
41 55 30.43094914520248
41 56 35.83514309217084
41 57 59.98124409505766
41 58 99.75432898017007
41 59 43.61721599698417
41 60 22.33292234338868
41 61 41.08988550869463
41 62 58.878885324563754
41 63 73.11131114904305
41 64 48.836263808893
41 65 74.27592191010604
41 66 58.019675662441976
41 67 51.94401438468886
41 68 95.21854912901871
41 69 53.758849376882154
41 70 50.96730407650048
41 71 38.0304747035339
41 72 91.80943582638393
41 73 60.03561142735588
41 74 45.53625634315708
41 75 67.61606809358801
41 76 82.37519920349726
41 77 32.06267950421906
41 78 27.92678482299045
41 79 62.50788602405785
41 80 93.10608814935745
41 81 24.973258108413035
41 82 28.91242622488095
41 83 92.88263301256842
41 84 95.40002669386129
41 85 71.08358513538687
41 86 50.35021499715213
41 87 20.579984704473233
41 88 52.763402121498075
41 89 92.56943066560301
42 43 49.03953434372024
42 44 20.936103322957813
42 45 27.336524311272406
42 46 87.49765717967868
42 47 85.8572549484498
42 48 93.94119885909305
42 49 69.68389731506124
42 50 99.5691363007475
42 51 83.37422239034612
42 52 94.65566272396731
42 53 98.24166257027743
42 54 31.921493524314606
42 55 31.983542996764747
42 56 46.6121466492055
42 57 53.93126074172331
42 58 90.92851396529153
42 59 23.262253183418416
42 60 78.57564127357011
42 61 60.68839158534092
42 62 52.83205795639445
42 63 72.13024969527768
42 64 83.60381177855015
42 65 88.17853607958108
42 66 63.603144395285625
42 67 30.889322629196137
42 68 67.10025557695457
42 69 98.2143861452146
42 70 64.83597235740376
42 71 63.09139222405161
42 72 76.4919981475257
42 73 84.67152680020072
42 74 53.72662605545396
42 75 54.732142671857815
42 76 29.600316302980943
42 77 76.62043335428004
42 78 64.30841832895264
42 79 54.18216504787229
42 80 47.771554986237874
42 81 97.63921464701446
42 82 40.07082630563146
42 83 71.06692166246766
42 84 92.87573413947206
42 85 83.68094863813468
42 86 60.306351652567606
42 87 89.4708926125141
42 88 70.63657797916488
42 89 70.55110793292712
43 44 49.293841631917665
43 45 35.76935501600927
43 46 98.99163064389272
43 47 63.97214965716367
43 48 68.52489905833235
43 49 54.69269098135704
43 50 42.08003070575123
43 51 40.43168168202535
43 52 29.464963275931435
43 53 36.62327086118445
43 54 66.76494328650455
43 55 48.42521775327609
43 56 68.47955280136989
43 57 86.8591773937747
43 58 82.34991016110806
43 59 86.51434696353431
43 60 23.9326255560046
43 61 73.0917592085452
43 62 53.064807608299404
43 63 73.91972302112603
43 64 33.24028040104024
43 65 66.1524663004634
43 66 33.997622253218445
43 67 27.576875857232306
43 68 36.322829595346946
43 69 34.674606124658155
43 70 43.27508011704482
43 71 32.823913196667796
43 72 53.83214331624133
43 73 49.256368479046564
43 74 93.83236127661651
43 75 54.048664658279094
43 76 99.55891833469684
43 77 97.97397177281846
43 78 44.57204719767656
43 79 34.27650429663912
43 80 88.74814351766281
43 81 53.89138624534344
43 82 34.36241805507346
43 83 55.551190387327466
43 84 51.61918546151433
43 85 51.94604075886914
43 86 95.73013080820165
43 87 54.725843131501726
43 88 52.376540428255936
43 89 32.096522098369526
44 45 23.127655768115645
44 46 69.28480135512814
44 47 38.360762829877395
44 48 76.93063821664467
44 49 55.62382267856889
44 50 82.42116825897324
44 51 87.45974609268623
44 52 55.19281777477535
44 53 67.10502413530031
44 54 57.05742097980277
44 55 98.41355875284125
44 56 38.23887452289025
44 57 30.746512626663886
44 58 60.32489602908656
44 59 48.92245405927397
44 60 38.649908250926416
44 61 22.022324522289658
44 62 49.22664909647853
44 63 75.93768883781433
44 64 98.21918044198594
44 65 92.2971804466148
44 66 94.02067448297537
44 67 61.13785122754473
44 68 35.396648180757566
44 69 59.55825527020481
44 70 29.542789672568546
44 71 74.58782100049514
44 72 35.64906079697017
44 73 30.959809364606812
44 74 91.93192205508461
44 75 24.362996144459956
44 76 33.64600206061937
44 77 22.104418351029736
44 78 63.21358540309821
44 79 96.59447725723864
44 80 22.547001657151533
44 81 39.70820992771487
44 82 55.53300566840608
44 83 65.45406246471764
44 84 20.599154373668576
44 85 82.24383115244737
44 86 43.857941414565545
44 87 80.88079825100739
44 88 64.16336757053476
44 89 24.965342348109534
45 46 69.17161974352808
45 47 74.546495326655
45 48 80.51009397585774
45 49 61.50790076484074
45 50 51.65086150031713
45 51 47.54405535257176
45 52 82.36116057334942
45 53 24.455346909845943
45 54 97.25669309554445
45 55 66.43503576291961
45 56 38.479882042175305
45 57 57.866398737324644
45 58 40.85216172372875
45 59 91.30637083142194
45 60 54.89663886868074
45 61 76.05683125061825
45 62 65.89017429228531
45 63 71.77288674540378
45 64 49.582058611386344
45 65 74.38861124675921
45 66 88.7213539677422
45 67 93.90474542848936
45 68 34.180532765057386
45 69 97.19897175788695
45 70 26.13714551409382
45 71 32.352847933360025
45 72 97.73113207457021
45 73 99.2844297064842
45 74 84.39610093868424
45 75 22.402542124239044
45 76 59.05121683564697
45 77 69.86066012315317
45 78 58.960199441202825
45 79 62.89813884886542
45 80 63.01059464655736
45 81 86.4912888876588
45 82 26.628013033000943
45 83 68.83893275228736
45 84 32.20707368024118
45 85 94.7128465766923
45 86 20.543183583849228
45 87 75.13672280672841
45 88 40.95776313176148
45 89 55.563577810263034
46 47 42.73298202621056
46 48 87.03706434787043
46 49 31.511782394217683
46 50 38.84270076834287
46 51 96.33817536626908
46 52 47.75456679819701
46 53 27.475889315252324
46 54 32.49542113701275
46 55 95.34249367494463
46 56 67.76504544637137
46 57 57.724676451108785
46 58 49.56349479256018
46 59 29.232931898618713
46 60 60.97613769603786
46 61 85.68675709385958
46 62 28.43894669214663
46 63 42.45031479741356
46 64 65.27210230716904
46 65 37.97127594168367
46 66 26.741785683800074
46 67 62.14197144366791
46 68 32.488340727243674
46 69 24.4570901589163
46 70 66.2055393837808
46 71 25.602893942903453
46 72 64.32643978127794
46 73 42.98710317149254
46 74 68.80299422417858
46 75 56.972180902849665
46 76 59.47622441748243
46 77 70.79272495965142
46 78 52.19388147062402
46 79 89.49851118565586
46 80 69.16951503123718
46 81 41.79347188815547
46 82 46.07391229742733
46 83 49.77464313465944
46 84 28.208784797143114
46 85 45.036606519963414
46 86 57.78961816882933
46 87 88.82940712754679
46 88 45.09713282306776
46 89 33.56166608402637
47 48 21.006857068035547
47 49 40.590788785333544
47 50 69.34235912480162
47 51 86.92910329169996
47 52 59.365681944243065
47 53 62.55949398810837
47 54 28.019779391838977
47 55 96.27680312529222
47 56 83.76503656003698
47 57 33.34312005605034
47 58 64.03503534901469
47 59 66.81292238519293
47 60 99.06043187257586
47 61 36.27217245224267
47 62 57.478354917662884
47 63 72.65121194611355
47 64 31.525819877818844
47 65 54.89933898430884
47 66 78.65161120629386
47 67 46.856672470968626
47 68 28.649146609190062
47 69 32.2130137618933
47 70 23.33638758536665
47 71 84.98550341865132
47 72 86.82086324418316
47 73 58.01682550373626
47 74 25.636580601894483
47 75 55.138497487108665
47 76 47.19061861351696
47 77 22.489426326100414
47 78 98.16331935698372
47 79 23.424083149845334
47 80 60.72242286628037
47 81 80.96317387073138
47 82 42.37561652735608
47 83 57.64157483462227
47 84 81.65442045400354
47 85 91.6866725727786
47 86 36.07698765402337
47 87 96.6484743614824
47 88 88.09612035344237
47 89 21.448486525280003
48 49 46.1288602101847
48 50 58.58455468736039
48 51 82.59168470184534
48 52 79.35654678872757
48 53 57.8045366150134
48 54 72.75983410777971
48 55 42.66972027863639
48 56 31.19251725146805
48 57 87.05612554062581
48 58 43.45750316750939
48 59 89.23749698694644
48 60 57.61672440898128
48 61 76.47913778210926
48 62 99.30030057913625
48 63 92.85344449033315
48 64 96.42710099418836
48 65 57.736354873534246
48 66 48.01381871819787
48 67 72.86841823614452
48 68 49.24397695719549
48 69 75.57517607691858
48 70 38.636211484221796
48 71 70.50628137023394
48 72 29.130596406060274
48 73 43.19307284152403
48 74 40.85081402151151
48 75 57.188431731722105
48 76 58.60564827188909
48 77 54.04883496959716
48 78 36.93810737859909
48 79 25.27687756295051
48 80 58.59096395958553
48 81 90.66057157480327
48 82 90.35449120834716
48 83 45.088260798567184
48 84 96.11386311138722
48 85 49.01448563796231
48 86 94.70095666623752
48 87 32.79914130477037
48 88 31.63053530952815
48 89 60.43157170621669
49 50 33.74454621418083
49 51 87.01295423066013
49 52 36.63899634630742
49 53 64.7858621629097
49 54 59.657255021629865
49 55 37.859213239665685
49 56 91.20221871811438
49 57 22.298611218521962
49 58 36.399548128365005
49 59 51.1446259242786
49 60 89.55312101923634
49 61 73.90524730731704
49 62 29.712808094117726
49 63 62.7962854499992
49 64 71.798326694424
49 65 43.51478038854049
49 66 56.79032220588334
49 67 45.309661214409196
49 68 34.00898992141285
49 69 86.32962601136643
49 70 20.897062578244274
49 71 40.00625416320161
49 72 88.20028774923317
49 73 50.06223868517019
49 74 26.19192087264789
49 75 28.82153013263375
49 76 59.93260599473905
49 77 53.26657430379207
49 78 78.07981233509963
49 79 93.31415720536236
49 80 51.584505323432914
49 81 81.14474820198116
49 82 29.93762485619125
49 83 73.67100239446056
49 84 34.03781796989265
49 85 23.652165995423147
49 86 55.58201347298599
49 87 88.23773512471564
49 88 38.27965585923038
49 89 84.36030898458377
50 51 21.799514705209447
50 52 94.2769897883738
50 53 61.3349875578406
50 54 93.85494967777483
50 55 54.744204107654
50 56 58.67567804071495
50 57 69.77266761906716
50 58 38.304872567627626
50 59 55.49432556282957
50 60 52.420400987447344
50 61 26.859332110030046
50 62 92.4643656741472
50 63 83.37946003788778
50 64 99.37077908027935
50 65 49.30034472855123
50 66 79.12813631394062
50 67 67.2093214764738
50 68 51.25161795468906
50 69 21.137869742479054
50 70 49.65783264770806
50 71 85.79873999397277
50 72 67.63794661977165
50 73 55.57375736505857
50 74 20.599749162296206
50 75 53.14714913675992
50 76 88.28097319718451
50 77 69.33176415792886
50 78 71.67365129055531
50 79 78.70263144331908
50 80 45.47099657483934
50 81 27.11322178941763
50 82 44.991667974691076
50 83 42.0759155452308
50 84 54.68919361888019
50 85 25.568168656235166
50 86 91.79264208128797
50 87 88.37643579350838
50 88 74.27840340977342
50 89 63.6816239712411
51 52 47.38506043425778
51 53 78.66788554340681
51 54 31.767705773752162
51 55 85.33648140916335
51 56 92.64300432252499
51 57 95.83969714091938
51 58 99.436834111514
51 59 51.83221725694619
51 60 45.809632670703564
51 61 71.6825954320709
51 62 58.29708374560515
51 63 43.01634693937729
51 64 41.33981755526219
51 65 57.2388544409244
51 66 30.574370651969502
51 67 37.0681382200899
51 68 87.93014619492101
51 69 70.09464043863687
51 70 90.93246679074626
51 71 58.84958252782969
51 72 21.208827555020314
51 73 91.86958755042032
51 74 54.935766599744575
51 75 57.308921756256986
51 76 27.061136957951657
51 77 41.18053390012478
51 78 23.749359094787927
51 79 93.61875394304587
51 80 35.31003959440153
51 81 60.34257982328916
51 82 93.1447154665821
51 83 42.68636789794926
51 84 46.988428671830775
51 85 24.961059136580115
51 86 29.99217504082427
51 87 49.9697647200863
51 88 89.10505335594523
51 89 79.7262708793034
52 53 65.14023076241328
52 54 65.6943391507467
52 55 46.51610963879786
52 56 30.596433941963355
52 57 51.229117609377866
52 58 97.29548879245833
52 59 64.83295625524569
52 60 66.57542772936813
52 61 62.23974344277812
52 62 80.03348474712016
52 63 26.4087325253546
52 64 20.59369014835437
52 65 99.5275593104047
52 66 73.93753870653262
52 67 44.17039212318983
52 68 43.44524371851086
52 69 25.031694268592297
52 70 85.4152290440168
52 71 71.8759481097159
52 72 56.89215589385479
52 73 24.992126393036386
52 74 32.24742983638454
52 75 31.148343644031495
52 76 47.47881517203402
52 77 86.37763015043856
52 78 22.56591871360734
52 79 33.56557316122956
52 80 58.04972670831799
52 81 73.10127606928035
52 82 21.57711870126895
52 83 30.508395437109268
52 84 62.81519858432966
52 85 47.902488754872685
52 86 58.79886680008728
52 87 96.60838278691864
52 88 25.832617820610473
52 89 83.4535217988236
53 54 22.510455118250732
53 55 59.12277096968057
53 56 24.228747746242718
53 57 27.295331972242494
53 58 69.84868231407535
53 59 86.67002866978764
53 60 60.23047795090505
53 61 32.1824529362891
53 62 86.28222870113133
53 63 94.94607975975916
53 64 55.467239748491096
53 65 89.90623992512549
53 66 99.86275700546857
53 67 20.864055759066265
53 68 69.312241356441
53 69 34.273342176414246
53 70 93.84056559368803
53 71 54.47152649171229
53 72 24.59142998772063
53 73 31.42969712154594
53 74 58.53542594336752
53 75 21.554466515948747
53 76 52.15873233753246
53 77 87.98155093332542
53 78 78.55772490672251
53 79 83.70028768803591
53 80 73.19918973884967
53 81 34.06161878957536
53 82 91.3424894489425
53 83 86.39621586612687
53 84 57.285966559500736
53 85 86.48263123059634
53 86 68.0290144537942
53 87 77.309527462433
53 88 88.40388940653754
53 89 82.27578573820983
54 55 68.55163083844229
54 56 25.071053999117055
54 57 47.69753491275685
54 58 69.0788181091195
54 59 38.24862884148834
54 60 37.951567717970356
54 61 96.56273786288416
54 62 39.20344595524858
54 63 34.61639626206733
54 64 33.09902490534193
54 65 63.01131747181269
54 66 44.38616144642225
54 67 23.92569037656194
54 68 95.07956873059469
54 69 75.86946671782671
54 70 44.996440521676746
54 71 61.18908888427532
54 72 82.47830977597397
54 73 89.82858609286164
54 74 89.5787114971829
54 75 42.12787590066525
54 76 59.43069847391609
54 77 29.58688092395458
54 78 51.37603160517876
54 79 32.38270737332066
54 80 98.39227547761985
54 81 70.23883038895642
54 82 58.73779121752496
54 83 43.69315604173417
54 84 23.77695894044613
54 85 86.44878242957633
54 86 69.41144631899782
54 87 77.75173815084273
54 88 44.71937008628154
54 89 46.08045952275567
55 56 49.55619052491612
55 57 46.85927426822366
55 58 57.06441118261553
55 59 52.888726109911886
55 60 65.30260441142109
55 61 78.54646603490599
55 62 47.13391342331616
55 63 90.28478382923694
55 64 32.433119860677444
55 65 49.315689636821034
55 66 92.46682992489445
55 67 32.3142501803519
55 68 66.24660195623935
55 69 37.922770981473704
55 70 71.72729157237055
55 71 62.16294002892659
55 72 66.95141819016254
55 73 25.84469000421077
55 74 59.5510075148938
55 75 27.233737259962094
55 76 43.50941270879335
55 77 34.648391177001244
55 78 78.01285023183402
55 79 63.78387740760623
55 80 46.75390590887356
55 81 38.56521798261794
55 82 38.19543218887845
55 83 55.31823047807865
55 84 25.735137174969438
55 85 36.97944744928431
55 86 50.26815300884607
55 87 51.84791862778083
55 88 47.756798063631045
55 89 59.52471677450597
56 57 51.7094214615674
56 58 84.54276567638567
56 59 70.1296081969729
56 60 91.65410628564119
56 61 95.87153479327765
56 62 42.646232947208595
56 63 51.57567545196238
56 64 39.861295010605026
56 65 43.74428623506042
56 66 35.66650287786564
56 67 87.6593155374427
56 68 55.10826308406167
56 69 30.058480204055815
56 70 72.85989142913299
56 71 64.36324235393774
56 72 82.97397229854838
56 73 35.70844908390127
56 74 90.48065239952498
56 75 98.3165439473993
56 76 43.37188649196176
56 77 85.31053497366327
56 78 85.58106412035706
56 79 43.9045497319905
56 80 20.813645202272912
56 81 75.87467745599466
56 82 88.78623676800265
56 83 99.86330465300581
56 84 48.26026696778601
56 85 76.35369313303417
56 86 77.37058662100456
56 87 79.30278039681619
56 88 89.31311817012482
56 89 42.78842371250067
57 58 81.89777579700441
57 59 20.697619329188626
57 60 56.14495125909236
57 61 75.77775696051908
57 62 86.36174793054634
57 63 88.94961997945714
57 64 83.85778634843753
57 65 25.369941536518922
57 66 26.008801868266566
57 67 54.65428386929422
57 68 21.027868913073434
57 69 46.239195577830074
57 70 67.39210453963766
57 71 32.35439907550202
57 72 25.719411287375937
57 73 36.03220837093669
57 74 29.664994153084052
57 75 75.74868128682024
57 76 92.50954789384353
57 77 46.011928329597524
57 78 42.0108214338249
57 79 88.19822416254421
57 80 94.37053065212419
57 81 28.8556483254548
57 82 96.1662414631428
57 83 32.90096199267005
57 84 21.34748081456913
57 85 87.05038027072851
57 86 68.07444212198196
57 87 67.25110365735267
57 88 91.91432582477601
57 89 59.94623516528356
58 59 37.566380124813264
58 60 94.34512870100406
58 61 25.71060117098022
58 62 90.12114258149916
58 63 97.93627625545079
58 64 21.6685710625387
58 65 79.24585655907163
58 66 49.00953193085763
58 67 58.84667879938175
58 68 35.40973382606317
58 69 25.363661634552706
58 70 32.6483858288466
58 71 61.849653566751684
58 72 57.16064461295893
58 73 91.9390065813941
58 74 21.490747734707565
58 75 91.06116658280169
58 76 40.76162303868045
58 77 86.67192559676296
58 78 62.00236550443414
58 79 57.616604041477935
58 80 32.86163683753978
58 81 85.55618644744834
58 82 64.14858984773088
58 83 49.78861101785873
58 84 25.900385985149185
58 85 33.9307613721681
58 86 53.69009300383796
58 87 69.41349642236818
58 88 29.871341205825964
58 89 82.88535116087841
59 60 34.3845326870995
59 61 97.86659374518202
59 62 99.13077029721234
59 63 35.24386768358771
59 64 77.73512182542433
59 65 94.75621833417024
59 66 30.721451515954854
59 67 60.23741308251161
59 68 93.879056404507
59 69 26.27213184507566
59 70 27.37808702720229
59 71 97.88144060533048
59 72 72.13117056070537
59 73 61.960716062085325
59 74 90.592404365853
59 75 29.900650431381123
59 76 79.64213661193861
59 77 73.84058744690778
59 78 55.370510591939215
59 79 60.05161731146964
59 80 44.80629299883381
59 81 41.092523334831995
59 82 26.35640318451663
59 83 34.68606860491551
59 84 89.22439027929624
59 85 64.39859545392059
59 86 32.92085706809104
59 87 94.65509187884443
59 88 36.83214440944508
59 89 88.27955568688195
60 61 75.42898038898687
60 62 64.59217335508154
60 63 94.79950872511075
60 64 47.708356277255966
60 65 60.7109427849626
60 66 91.35103037188878
60 67 88.57128075291187
60 68 71.15436869849833
60 69 45.673589021176284
60 70 92.24617178153667
60 71 97.84578610450961
60 72 86.31231692124972
60 73 91.73213419022306
60 74 52.14582421729859
60 75 62.783551892807736
60 76 80.33067618066086
60 77 59.7315834317567
60 78 84.40160218643254
60 79 29.4576094119978
60 80 40.35342244009336
60 81 84.78881114152452
60 82 41.5146876139478
60 83 69.90124735640497
60 84 94.82726283688912
60 85 37.538946194096155
60 86 98.47078409694355
60 87 83.00170142760166
60 88 41.890194871807374
60 89 61.73615209490971
61 62 80.2087392038828
61 63 86.87898059885754
61 64 66.53818372422508
61 65 54.18225803170629
61 66 75.54964896494644
61 67 29.682346498386742
61 68 64.91664828059336
61 69 59.06921667184867
61 70 36.340865440941045
61 71 87.4104470253138
61 72 20.58819894733177
61 73 53.132467010837
61 74 54.82623279863031
61 75 62.0771485366113
61 76 66.14196600315879
61 77 51.853138290895615
61 78 40.4862661894969
61 79 87.36510298688803
61 80 35.37112096269853
61 81 95.62785701168463
61 82 69.31572718412893
61 83 33.211738358973506
61 84 55.21251818585323
61 85 99.1598291519318
61 86 20.503816062935776
61 87 47.60979703811004
61 88 27.152431107424945
61 89 82.63609380680859
62 63 73.60768129495787
62 64 39.3962118566437
62 65 23.71474514546758
62 66 60.46712624158779
62 67 36.730310521504414
62 68 68.5902785349864
62 69 77.83387595413626
62 70 27.85713176085573
62 71 44.99172706958277
62 72 33.25181083828446
62 73 75.43599272375471
62 74 82.54413865970858
62 75 61.53503620633542
62 76 31.927871622369246
62 77 87.62478302953014
62 78 72.94685262222302
62 79 84.86017025875898
62 80 37.271072033691055
62 81 52.03902375542775
62 82 27.76405678376907
62 83 92.43306010157335
62 84 94.77114893558061
62 85 89.2913211483718
62 86 88.85220673128111
62 87 84.61145784060345
62 88 65.92758700267106
62 89 76.11017221356919
63 64 85.35010051469632
63 65 78.9984722953551
63 66 43.810526132841986
63 67 78.09702346120939
63 68 47.84774769103748
63 69 92.87270225868753
63 70 58.60024890984633
63 71 34.31990765459836
63 72 51.830865811339635
63 73 72.18479750235555
63 74 61.786916812422135
63 75 88.73866233054079
63 76 94.97646799668004
63 77 43.76482654869279
63 78 98.08790091773206
63 79 22.35526121577621
63 80 48.13343063167097
63 81 84.06725195004726
63 82 65.8144619091692
63 83 53.23848163662245
63 84 24.36774215209855
63 85 86.60767433976235
63 86 76.07962138081763
63 87 97.41286320306097
63 88 30.26171111744805
63 89 48.416179211651745
64 65 72.7624278975049
64 66 31.338579063059004
64 67 72.32967529187694
64 68 97.96292888861431
64 69 77.03343754848524
64 70 31.16428607305889
64 71 53.691674673746434
64 72 48.82257631133017
64 73 92.39086276267764
64 74 55.84053656361469
64 75 90.05145114115399
64 76 22.891916717288918
64 77 67.96763834377808
64 78 24.39770709216125
64 79 63.33448381054371
64 80 59.75714472802562
64 81 79.17824452192482
64 82 21.606340096726182
64 83 37.10241534703046
64 84 87.8318021858959
64 85 76.26613675100153
64 86 78.02176497039878
64 87 52.867821289503645
64 88 66.84994734486335
64 89 94.31299360552588
65 66 69.06854791604407
65 67 51.6108388599521
65 68 98.722795461523
65 69 71.50972833487464
65 70 57.16845383242806
65 71 54.54507324490527
65 72 54.22752195407647
65 73 21.961542183269394
65 74 26.25162077157306
65 75 59.880716938346275
65 76 97.41111024930595
65 77 50.05272050223583
65 78 61.382393786777854
65 79 41.723663561881146
65 80 62.9636128721058
65 81 36.36338082485091
65 82 68.45623990654335
65 83 26.587179252790403
65 84 30.224662069074952
65 85 71.63341198060378
65 86 36.81145437258707
65 87 69.55767817764693
65 88 38.58290021861366
65 89 88.64187042975908
66 67 89.52399721512175
66 68 40.86849409895612
66 69 93.78547413334508
66 70 52.6184757848782
66 71 91.6003675690271
66 72 57.13243271041016
66 73 28.62004682062235
66 74 41.71954832128445
66 75 49.01938656716954
66 76 36.32173814052614
66 77 26.402078628421517
66 78 62.07801859112089
66 79 57.15855747873987
66 80 47.94146795198101
66 81 54.610921832357384
66 82 75.69382228846823
66 83 84.28263598638127
66 84 49.86238027845432
66 85 37.997849556902274
66 86 52.59985027583588
66 87 55.168950251347724
66 88 72.60037588659269
66 89 38.617129691016075
67 68 50.62159167612818
67 69 81.57131953654854
67 70 88.68458616652364
67 71 94.31493983136563
67 72 32.680748158893
67 73 92.54520495432801
67 74 33.51539776598508
67 75 29.37576991955745
67 76 51.82548303282858
67 77 24.438296998215286
67 78 94.57402706504047
67 79 64.20058677589307
67 80 88.1397599858715
67 81 58.59264189427185
67 82 71.57571235206694
67 83 89.9247015342552
67 84 89.09974117315895
67 85 39.606728051593436
67 86 68.5300167411123
67 87 59.63894574365591
67 88 30.26127962006526
67 89 87.480421094711
68 69 92.32497646819486
68 70 58.571207852940304
68 71 89.49403473972393
68 72 29.34861451545202
68 73 93.68930918929951
68 74 81.33288987993443
68 75 78.24224020176973
68 76 58.79460235764078
68 77 33.93780839286364
68 78 92.13888831113904
68 79 31.050925858613407
68 80 91.013498236526
68 81 91.4882106105404
68 82 67.22982304501767
68 83 76.10126156351791
68 84 45.79989735691497
68 85 52.395870532509946
68 86 27.28948806070158
68 87 20.784615383429596
68 88 55.65727322047677
68 89 72.73232734001937
69 70 43.26691884768539
69 71 36.71482856043015
69 72 72.70814154119029
69 73 89.89542743541875
69 74 88.6468870893208
69 75 79.83195530382588
69 76 32.27418596201283
69 77 68.81756468083505
69 78 89.57699252096444
69 79 31.644123409980747
69 80 60.77450222466881
69 81 53.81332282719683
69 82 36.292451926430964
69 83 22.190047107966198
69 84 55.9144574910189
69 85 74.16179658767342
69 86 93.84399386929893
69 87 26.27476929015149
69 88 73.65378447191301
69 89 84.27143665017357
70 71 23.206666882266767
70 72 46.62376080049992
70 73 43.13709572256349
70 74 78.59963014066984
70 75 43.86410728794335
70 76 77.46157384148621
70 77 67.11027199969868
70 78 88.21817381910472
70 79 48.78459921253538
70 80 35.46753146928456
70 81 93.86124772347806
70 82 78.13525956466063
70 83 87.16535516419711
70 84 43.22790707895746
70 85 29.89876315560202
70 86 85.3907916213308
70 87 43.487224805640224
70 88 81.61895066909844
70 89 66.78420205371637
71 72 68.33028230968509
71 73 20.23892320680874
71 74 53.6418243654811
71 75 76.44968114666418
71 76 77.1453983257173
71 77 73.43135620358998
71 78 23.824006226644265
71 79 89.80612158734911
71 80 63.3686480224337
71 81 34.42044184335484
71 82 55.75821931554039
71 83 27.960474021345743
71 84 90.74413261681302
71 85 63.01587640620207
71 86 90.3182563238833
71 87 56.42112672647633
71 88 90.70249456813193
71 89 74.66449878210162
72 73 42.94407013603138
72 74 88.53879843436792
72 75 81.86409098581419
72 76 33.60283854968452
72 77 35.83708513853095
72 78 35.05420046618891
72 79 99.55150927196951
72 80 98.64379956568648
72 81 98.06805896773825
72 82 55.17349344525761
72 83 68.12000025220942
72 84 56.45519340316668
72 85 60.39562949009516
72 86 84.6734096576503
72 87 74.82763339686134
72 88 69.8762356707569
72 89 25.657191881346428
73 74 38.08976704398053
73 75 45.08797233008221
73 76 61.023633100638826
73 77 39.21971307255308
73 78 48.47554675186552
73 79 82.92401184262049
73 80 47.68541054786441
73 81 38.44513122529088
73 82 81.99901742876625
73 83 67.73486690911065
73 84 54.507189573957994
73 85 44.45089842969654
73 86 38.93298014850436
73 87 68.6782982578802
73 88 60.97421222439283
73 89 75.69060327886281
74 75 28.20818989532804
74 76 67.84968526705991
74 77 69.0689733909473
74 78 28.876250913795005
74 79 90.12712957767843
74 80 73.48416006025406
74 81 45.15827108557283
74 82 21.742724991928988
74 83 72.27733244866539
74 84 95.91241567146128
74 85 44.15305359340434
74 86 83.72843185103268
74 87 71.76962091940028
74 88 49.23209232299832
74 89 56.63925695739322
75 76 62.851570409481646
75 77 25.618157323188804
75 78 96.9375858864369
75 79 72.62083238876849
75 80 80.20316276705572
75 81 28.590125913629674
75 82 55.824558311669506
75 83 69.31968891380913
75 84 26.39114613383679
75 85 76.11288298770162
75 86 55.69801294114463
75 87 40.328299251781054
75 88 49.928701229283156
75 89 69.00767262461625
76 77 48.1410650666177
76 78 48.572836375229045
76 79 58.41113128254933
76 80 40.99959709174311
76 81 79.03236019416379
76 82 87.26821925468701
76 83 93.70777336571534
76 84 32.85840473545571
76 85 28.927648757522757
76 86 33.59014548474684
76 87 93.06115364671524
76 88 48.72337507995793
76 89 55.96134068257659
77 78 45.17080751145101
77 79 36.186396574199264
77 80 99.31768237873874
77 81 94.23813633738649
77 82 31.98402499969795
77 83 56.23953761078633
77 84 82.7719568495153
77 85 36.00540052711662
77 86 53.84364455073097
77 87 46.03958260132654
77 88 62.96668115292675
77 89 25.82351416875798
78 79 57.812432047578895
78 80 24.019208371443224
78 81 30.161399988650032
78 82 56.32301671541207
78 83 32.816586293482345
78 84 27.590700275563165
78 85 61.87908560602363
78 86 21.5499584578078
78 87 58.705789200155955
78 88 94.66573383872826
78 89 76.44310437380902
79 80 39.65465693768206
79 81 67.35684425242428
79 82 46.89926968985617
79 83 74.39273971992584
79 84 40.83910083966146
79 85 21.92456553544436
79 86 79.83198596134815
79 87 26.923311164438175
79 88 98.02563918700379
79 89 24.721300907616985
80 81 53.33704395135321
80 82 82.59682383506518
80 83 48.43468453466437
80 84 83.5632493353308
80 85 42.56519838621071
80 86 89.04070771836733
80 87 89.77686065952693
80 88 23.04032762364921
80 89 99.13762031604033
81 82 51.44718424860318
81 83 29.768983583103356
81 84 70.16971653175594
81 85 80.41467872084317
81 86 75.84549466291546
81 87 51.38823898391115
81 88 86.76889426061412
81 89 72.15227775512746
82 83 69.54387724816203
82 84 33.18109955160561
82 85 41.73603713593073
82 86 49.551396517140304
82 87 98.6634880016139
82 88 91.02608786940739
82 89 74.2431554620822
83 84 32.46514502590115
83 85 30.35931451910905
83 86 61.88906930192718
83 87 96.98028568421988
83 88 66.12502033950659
83 89 71.32845014002199
84 85 49.308239225047785
84 86 99.15769491989127
84 87 39.06792625011461
84 88 59.37318633926668
84 89 33.44018398483214
85 86 78.61039487351103
85 87 65.83157922214215
85 88 66.23940926549447
85 89 25.76013715590193
86 87 23.055133176417478
86 88 29.669661604609033
86 89 34.778733660108784
87 88 31.89069039981763
87 89 21.1411591971563
88 89 66.97029016639576
