85 3570
0 1 69.38944749414667
0 2 55.62788747756619
0 3 68.1913871632753
0 4 59.25965097621536
0 5 46.460649289212654
0 6 93.11371649930547
0 7 99.73001374338523
0 8 60.610913161837814
0 9 83.12277355787111
0 10 87.22796013892238
0 11 38.673234517341044
0 12 30.810229434068084
0 13 46.55198676598931
0 14 69.34436182448154
0 15 90.22536991048781
0 16 93.00536661688959
0 17 82.67791230348497
0 18 70.73652330345784
0 19 67.68102354808065
0 20 30.40735711734614
0 21 96.88657370399008
0 22 62.88915709701876
0 23 28.37333417732698
0 24 86.0317243826856
0 25 45.13913064315546
0 26 64.99417334024355
0 27 25.68159634690182
0 28 54.12669003125658
0 29 42.594293267005284
0 30 58.98767235300461
0 31 54.54658464011313
0 32 96.56685254440406
0 33 32.56083286201854
0 34 92.99800276502565
0 35 91.26733124826303
0 36 50.819829934755376
0 37 98.45352396743027
0 38 72.87590812649142
0 39 23.953908675227964
0 40 43.07708722520853
0 41 52.47332070691116
0 42 46.15289383983499
0 43 21.18090902353603
0 44 38.50996224787929
0 45 40.22575214337613
0 46 88.55904342689091
0 47 96.80586402365938
0 48 34.56702575987098
0 49 90.13147882056259
0 50 91.63664604326894
0 51 80.58252385710784
0 52 67.20956221136912
0 53 59.51463459172296
0 54 30.659270033209943
0 55 95.32157061358566
0 56 94.35306841098037
0 57 20.18872253944682
0 58 71.8197532727796
0 59 56.51894422044336
0 60 29.191237028071022
0 61 49.9797911130146
0 62 50.437612584221405
0 63 84.90885650558322
0 64 63.015156094336426
0 65 80.58702532517438
0 66 91.1788923303154
0 67 92.13471680590483
0 68 93.57035213883096
0 69 74.5032481846761
0 70 74.96352495841785
0 71 86.94928075834224
0 72 48.407761785941474
0 73 80.24370700214226
0 74 99.7976664404216
0 75 30.338927635851167
0 76 54.861067629614766
0 77 40.18450465690874
0 78 45.67716637287972
0 79 72.81858531611087
0 80 21.483586530086967
0 81 24.72505763836761
0 82 26.12707156421901
0 83 92.66624228419383
0 84 57.747777393249926
1 2 42.291935715356566
1 3 75.1420570687336
1 4 50.752353991151196
1 5 66.40496323843485
1 6 73.92253679730388
1 7 44.52655664891819
1 8 61.33882279593074
1 9 22.955013549182706
1 10 49.704299140188226
1 11 75.22482254669441
1 12 51.421999447957425
1 13 78.0976995439708
1 14 71.10985923641591
1 15 48.99329448031026
1 16 74.1621069992196
1 17 99.64415909190922
1 18 51.49745732606603
1 19 89.31990772808958
1 20 22.87164259016634
1 21 56.939256409036794
1 22 53.46425641379109
1 23 21.56716582472555
1 24 87.11300631491937
1 25 90.56268607395464
1 26 80.64873414250589
1 27 90.93797046795108
1 28 69.2899916956755
1 29 60.293373025242225
1 30 58.68918301539449
1 31 50.80793069113721
1 32 89.60091665556904
1 33 33.644070722743734
1 34 41.80327301360101
1 35 27.974070884141096
1 36 63.81330154316788
1 37 58.84241458020873
1 38 73.41214908416046
1 39 98.6990834745408
1 40 58.152134335520344
1 41 86.81306956065231
1 42 87.80996146903539
1 43 25.514911479959046
1 44 71.54902694200979
1 45 55.60325587307119
1 46 71.4814440269513
1 47 71.43884953459839
1 48 47.687754358737735
1 49 79.81846080378406
1 50 59.28942200781493
1 51 99.61928562470474
1 52 39.55113301513635
1 53 48.703033786608984
1 54 64.02784214397043
1 55 75.87408297047111
1 56 80.50503174616992
1 57 29.11708998936807
1 58 56.66701022382219
1 59 98.015524936573
1 60 64.27449579279914
1 61 43.58562278785345
1 62 49.59807719092281
1 63 45.16359351196229
1 64 23.538083376528025
1 65 70.44092587601013
1 66 24.40384605049827
1 67 68.6357243543656
1 68 87.89799914451592
1 69 81.28628562702112
1 70 34.43811951358302
1 71 31.104556275821942
1 72 90.59326594654644
1 73 39.559457826505934
1 74 47.99365724046111
1 75 79.91166638747458
1 76 26.661237924362283
1 77 70.03056455355393
1 78 98.57889738016388
1 79 74.27563040111652
1 80 35.56387984689693
1 81 22.732204435352877
1 82 66.09002909981871
1 83 31.994261257412433
1 84 86.48980967898328
2 3 54.55296020513079
2 4 40.84148402379078
2 5 64.61740502324858
2 6 80.15090202505738
2 7 64.42153941004592
2 8 33.15571232775196
2 9 85.39676995069524
2 10 59.74376962938013
2 11 73.40209096235156
2 12 57.56211594951161
2 13 60.58794504535719
2 14 92.81895875548312
2 15 49.14133748634414
2 16 64.72331808184542
2 17 28.894166445242433
2 18 50.2280742794609
2 19 26.254078433576183
2 20 52.666178587539285
2 21 95.89906726889525
2 22 80.16765243807647
2 23 68.70668724466675
2 24 37.00975123691019
2 25 85.3520516069723
2 26 26.673338739118417
2 27 88.14659804469125
2 28 50.3625980644149
2 29 41.07071791199313
2 30 59.918787175445175
2 31 74.90468627074901
2 32 86.80917113080388
2 33 45.894444509206984
2 34 73.45060088915787
2 35 53.05896918628787
2 36 59.24191642161056
2 37 90.20800090850418
2 38 43.25814601751604
2 39 84.15591982392672
2 40 42.746192925575286
2 41 97.5339782662422
2 42 33.38279238111465
2 43 69.19350551977581
2 44 68.31748869222841
2 45 37.35315731437537
2 46 79.22370025403383
2 47 43.19892555329006
2 48 35.97934644846671
2 49 67.2678873922812
2 50 47.905945900035164
2 51 89.93406337912849
2 52 22.118989102193805
2 53 28.310778209144782
2 54 66.7554275434621
2 55 45.92773844214972
2 56 20.518543944435734
2 57 69.62953045809897
2 58 45.43644521063542
2 59 84.04740585940831
2 60 39.082506844453434
2 61 50.804744054302745
2 62 92.75523358823742
2 63 35.05104889837787
2 64 39.09666884633347
2 65 56.56801126796071
2 66 75.94863548504351
2 67 51.43049990789613
2 68 65.93675572047766
2 69 85.91313927479237
2 70 24.86489534523723
2 71 30.428144235530343
2 72 56.87008559146817
2 73 72.3548382620258
2 74 91.38535637007023
2 75 33.42482123478803
2 76 29.064427193598448
2 77 59.5963703865727
2 78 90.97202093646894
2 79 82.53963491766379
2 80 91.4158145138644
2 81 51.35816131523816
2 82 77.20681591013899
2 83 37.1978981819703
2 84 88.08909267453394
3 4 68.09061891465862
3 5 72.08129399637238
3 6 36.103884770137796
3 7 70.26128198860455
3 8 26.025154397726197
3 9 37.708561043663835
3 10 59.299221150307645
3 11 63.97560470582472
3 12 62.70767129155236
3 13 73.33307706125423
3 14 55.69892701022175
3 15 29.344131670801055
3 16 37.942464558704515
3 17 22.38455855600315
3 18 86.67078879593588
3 19 29.965709585798574
3 20 73.14146324068011
3 21 99.20358992754541
3 22 34.67863546290923
3 23 99.4137383799641
3 24 26.567553974650792
3 25 49.236107596582585
3 26 57.20835736659189
3 27 73.33827205606349
3 28 49.2881377397848
3 29 78.44078541741402
3 30 49.516108265912194
3 31 60.11394390010486
3 32 22.600350574682608
3 33 33.56502022624083
3 34 69.75775210562253
3 35 66.17228188042252
3 36 84.60380113793062
3 37 69.643992337559
3 38 71.73040748824434
3 39 99.30083936163989
3 40 39.18816842263272
3 41 29.795345276422147
3 42 61.962324545313336
3 43 63.056626796950816
3 44 57.719883946427345
3 45 47.18444115952597
3 46 81.32142915103059
3 47 90.05121016177766
3 48 66.60007779484614
3 49 64.14675796463945
3 50 33.509932352321854
3 51 33.175262128933625
3 52 44.74970525549023
3 53 29.112104386159707
3 54 64.82181546079289
3 55 72.67472196608489
3 56 85.1944899827759
3 57 93.33180104352745
3 58 97.20109118965462
3 59 66.81738589556132
3 60 92.49205446179876
3 61 29.983273973960394
3 62 75.43924039557689
3 63 88.0353191399082
3 64 79.02566624764161
3 65 69.3249428030431
3 66 26.197074829802673
3 67 88.48334348254204
3 68 70.79547867585558
3 69 84.16103378440978
3 70 76.95200937354502
3 71 96.72842653563517
3 72 63.74892066229115
3 73 94.51311748768107
3 74 61.53739499901071
3 75 85.80074409916737
3 76 69.50199920861992
3 77 28.859385350986475
3 78 88.61243018120385
3 79 88.99784356190678
3 80 52.796909444326346
3 81 44.64856958237215
3 82 68.67149346066361
3 83 76.02871913936076
3 84 36.638692920800764
4 5 75.82137002135937
4 6 88.60436786231978
4 7 55.126608745846596
4 8 90.77431574916581
4 9 89.33895301782337
4 10 61.42022761992041
4 11 79.12099099523942
4 12 75.4057178905623
4 13 88.6400528539371
4 14 99.23628285728805
4 15 31.62089496622147
4 16 82.66660585766058
4 17 31.080359937869886
4 18 53.676246715063925
4 19 48.18579605281363
4 20 36.97360213265598
4 21 67.98737595795417
4 22 85.4080200886438
4 23 54.74998081047307
4 24 64.72685127720902
4 25 67.86898021558822
4 26 33.60827440422081
4 27 94.76094554256547
4 28 40.86525744564935
4 29 51.594132548954704
4 30 28.360296082141787
4 31 36.72955667233317
4 32 27.448049116461625
4 33 46.514930708341886
4 34 54.44073947640103
4 35 43.341531816112
4 36 25.21056258377942
4 37 74.2604359935896
4 38 21.58100229669941
4 39 34.95752330131208
4 40 46.23162315638764
4 41 33.71006248932082
4 42 22.952214623129173
4 43 90.23211916725333
4 44 64.60975953989733
4 45 86.75875893521334
4 46 58.95357382566729
4 47 97.12495937599157
4 48 35.61788463124755
4 49 99.46711526476713
4 50 51.29045238427311
4 51 33.23548785358074
4 52 72.3269095951419
4 53 80.39168830645671
4 54 42.87172021770782
4 55 65.02910184632071
4 56 83.82167384585009
4 57 60.15121483044272
4 58 85.58153939160053
4 59 65.41659231686899
4 60 95.48543540315642
4 61 20.817710075508007
4 62 95.63266590716638
4 63 97.78333370393779
4 64 23.24379804928892
4 65 65.89881683451387
4 66 92.40546506590871
4 67 37.61412358630029
4 68 58.26783035333471
4 69 95.36272207528
4 70 44.56697102247325
4 71 35.090922880580564
4 72 43.266264582743865
4 73 75.60928473997592
4 74 90.58113381264853
4 75 26.3033916100403
4 76 85.37872579654942
4 77 64.91011798710261
4 78 90.2700148864491
4 79 40.88596624268057
4 80 79.0360124115776
4 81 89.98379528679149
4 82 48.59221447252545
4 83 55.23513975648975
4 84 22.89352769196683
5 6 61.441440525981776
5 7 34.51311163142451
5 8 52.845504617400614
5 9 22.02734014723733
5 10 64.66812097462045
5 11 39.2696581960645
5 12 86.29590316433126
5 13 29.458423241182807
5 14 26.27322755181508
5 15 73.15196286080466
5 16 25.88848032845105
5 17 88.38132033340958
5 18 54.24972216061026
5 19 33.63364854626927
5 20 99.44367738853754
5 21 91.69501615595969
5 22 49.62627201044273
5 23 49.67779794377953
5 24 93.61723473719671
5 25 99.02722469065209
5 26 70.652456227321
5 27 61.16728144663203
5 28 73.95517299857836
5 29 52.52733082426016
5 30 85.46105051650605
5 31 99.04931323188204
5 32 25.54366598792866
5 33 60.53291565980513
5 34 62.47543693392504
5 35 66.70183414146778
5 36 30.0845007508589
5 37 95.30644873978021
5 38 95.30692819839479
5 39 73.01910646779453
5 40 90.07416634844103
5 41 96.14065987340597
5 42 66.58152254658171
5 43 83.71959414303532
5 44 99.50304412129849
5 45 74.36551245794416
5 46 87.8988720940138
5 47 85.34480052997266
5 48 95.30650183524925
5 49 95.6564087546719
5 50 50.42142303475639
5 51 45.61260514624361
5 52 60.53223774601741
5 53 59.46734217477186
5 54 63.511950451750465
5 55 34.427506649013104
5 56 49.061265126344736
5 57 84.5275280783424
5 58 23.594838514672915
5 59 47.57696265455103
5 60 68.44629230578352
5 61 55.35827884894356
5 62 42.82352545660253
5 63 97.18547983039247
5 64 57.864455796117646
5 65 31.045810272727703
5 66 77.0080287974573
5 67 56.578676162669026
5 68 85.9209032162943
5 69 31.856100459613295
5 70 70.12793256150545
5 71 39.241656531741285
5 72 40.00252238608879
5 73 92.00856695901852
5 74 50.04328273251027
5 75 73.6478178397416
5 76 87.50488838707166
5 77 90.99012712874409
5 78 58.979316049900945
5 79 86.18321256461411
5 80 64.17598550072728
5 81 41.88081348274592
5 82 65.61885935963119
5 83 74.8311042514145
5 84 29.563269528750524
6 7 29.390587804991473
6 8 95.73930479677674
6 9 92.9515407516065
6 10 38.33949077613127
6 11 85.61222516823977
6 12 90.9876684155904
6 13 64.48318912048263
6 14 53.45085570561453
6 15 63.26973689905077
6 16 90.25753711485004
6 17 29.92733868843807
6 18 71.36421482806887
6 19 85.24232681925116
6 20 83.4349431775797
6 21 92.24488785892507
6 22 94.6654631176739
6 23 41.57398696754849
6 24 81.31671537931845
6 25 37.33680127698114
6 26 55.76748921500443
6 27 79.05874082936441
6 28 27.13546532553299
6 29 91.79126712552619
6 30 37.31562846727683
6 31 36.42070868122779
6 32 57.85760629692832
6 33 26.16921247559965
6 34 88.87063412249137
6 35 29.32719974287073
6 36 70.13836289220217
6 37 41.321052026486555
6 38 32.922393874632675
6 39 48.85106859151351
6 40 56.95255930023987
6 41 79.8951693851875
6 42 61.62196898379495
6 43 83.78401294377846
6 44 38.77278080106641
6 45 93.67831144152188
6 46 23.24361845600403
6 47 43.64893794541394
6 48 24.778576541962963
6 49 90.83400167012289
6 50 90.79890792264544
6 51 97.51682908055406
6 52 26.10513694979617
6 53 23.676547681628453
6 54 43.83332216414057
6 55 67.70883837384812
6 56 55.63826524824309
6 57 77.47774184176834
6 58 50.93793776440549
6 59 91.3025766371728
6 60 22.191903766941728
6 61 40.54971860464043
6 62 66.28111213303487
6 63 71.80094551289768
6 64 57.98152826206106
6 65 61.14001279911167
6 66 41.95533511242995
6 67 57.01008949065247
6 68 85.72407010791628
6 69 72.52037620766268
6 70 52.71628164616271
6 71 71.03250554132251
6 72 42.068545211077215
6 73 90.11048303264646
6 74 41.727081119862305
6 75 34.06986044334495
6 76 21.808562288210158
6 77 46.02482699247478
6 78 49.728969938771726
6 79 20.18635545450482
6 80 34.263279682005496
6 81 53.64092620930923
6 82 98.19107789410505
6 83 49.68276592866936
6 84 30.542083044675543
7 8 26.58080610701508
7 9 87.0196964588131
7 10 52.410849006026474
7 11 33.225210980096946
7 12 21.515452865724694
7 13 20.19747390105848
7 14 58.23019369975566
7 15 25.029215279531336
7 16 31.703964133069
7 17 73.04357908300183
7 18 23.18780601596332
7 19 69.89209656870766
7 20 85.87395221820536
7 21 29.699063071927156
7 22 64.25382230365472
7 23 80.43051117956999
7 24 52.477758817601135
7 25 87.22692419192842
7 26 26.339928683369564
7 27 63.90447409745192
7 28 42.13444348404551
7 29 44.588300278204294
7 30 55.969147453152615
7 31 40.23956626830846
7 32 98.00037508523238
7 33 75.78233185009495
7 34 99.90316381325216
7 35 85.37013006958003
7 36 44.56126491783591
7 37 97.71111591235672
7 38 52.36255934502402
7 39 40.38021819586913
7 40 82.33289181636182
7 41 96.1344753122906
7 42 40.704180091790796
7 43 64.54981196696559
7 44 85.76014018037131
7 45 47.14016573145055
7 46 42.0449055948145
7 47 22.177117641060427
7 48 48.24631304643332
7 49 65.40659121894574
7 50 37.83254303580294
7 51 54.76055239178693
7 52 31.769053013793666
7 53 81.49063221468822
7 54 34.98701169964332
7 55 49.62016066934021
7 56 41.86279343775438
7 57 22.12296625976461
7 58 36.155474295786625
7 59 35.908951782132476
7 60 96.08865260892152
7 61 20.784898304140455
7 62 83.4068095303457
7 63 49.190264899293894
7 64 78.07209273766
7 65 20.937056458295558
7 66 58.92071138291519
7 67 86.87528516148413
7 68 24.51971332034941
7 69 59.06169032749662
7 70 61.56024256361289
7 71 49.02621157284983
7 72 21.476227615962628
7 73 98.21296116166364
7 74 53.33876867537781
7 75 87.01201156737669
7 76 58.59210911078384
7 77 58.43878916761818
7 78 53.69661283274234
7 79 61.05314260808632
7 80 83.31003670795474
7 81 37.20677456097404
7 82 64.479200748754
7 83 40.52168827340537
7 84 40.22456158879487
8 9 43.41538103652711
8 10 84.30712009460163
8 11 91.77407302854972
8 12 30.576945831224993
8 13 20.243549916019028
8 14 53.31607096556263
8 15 74.9074551663705
8 16 67.05050860639325
8 17 48.63808063970902
8 18 78.70517432096003
8 19 26.386889658526744
8 20 46.828847925570244
8 21 35.822519152329654
8 22 60.94504641899025
8 23 37.57744196781858
8 24 51.54012137668482
8 25 24.186209550595777
8 26 79.8192759024458
8 27 62.19670169652021
8 28 29.992392381631543
8 29 99.96562878917479
8 30 30.516689977721583
8 31 56.762776765164304
8 32 24.836534908802683
8 33 24.897917525557148
8 34 26.256200296489716
8 35 80.28756748511705
8 36 96.81212027192271
8 37 94.42672042832265
8 38 69.96074578237766
8 39 48.995353940477585
8 40 20.87874956954594
8 41 29.342678293142495
8 42 51.606111677779126
8 43 43.51534019529852
8 44 76.51480150088773
8 45 60.63421399944184
8 46 94.84012754076163
8 47 53.13577056080341
8 48 93.60944622936586
8 49 46.52585055879242
8 50 55.27960914376876
8 51 68.09019965548299
8 52 91.76115819098678
8 53 65.3467655704084
8 54 65.90324546157674
8 55 59.313548915720624
8 56 51.95560966578185
8 57 45.84353011387688
8 58 76.42803304856409
8 59 63.24695399055564
8 60 94.51141729171803
8 61 92.88485753704217
8 62 32.51093889338658
8 63 81.75101647922948
8 64 99.9730628871002
8 65 62.506555960096094
8 66 70.22269060429679
8 67 45.828318504302
8 68 86.87779516081052
8 69 42.00594153458994
8 70 65.76849368576896
8 71 85.40517947296557
8 72 43.10130162381401
8 73 71.0525709079302
8 74 38.595387226355406
8 75 80.9414243180499
8 76 51.40151650318064
8 77 30.125241327622998
8 78 47.05686935066091
8 79 68.86668316004528
8 80 43.15317768859202
8 81 72.52281515944085
8 82 84.16873490915042
8 83 30.684457613590126
8 84 64.59518125095147
9 10 27.62466598162323
9 11 52.980958320155416
9 12 28.260265737265435
9 13 25.784443677056625
9 14 89.1298406763855
9 15 76.40282188010343
9 16 65.31856442529786
9 17 26.52386251492727
9 18 83.19762907221101
9 19 54.323007348089966
9 20 74.5422050796828
9 21 90.18368532275589
9 22 32.09034548149365
9 23 98.33817071886776
9 24 58.44766996503555
9 25 59.636194464326735
9 26 88.2077162478652
9 27 44.70165933009816
9 28 32.01049855642737
9 29 37.46764311016861
9 30 39.70710156042249
9 31 75.85504154193478
9 32 25.938977469868803
9 33 60.40660238942438
9 34 25.295767542121457
9 35 75.54724881142303
9 36 88.0161642836171
9 37 47.08920264068884
9 38 76.29866247798464
9 39 91.56923091586334
9 40 39.02311722340456
9 41 53.24154625979127
9 42 31.510729970376943
9 43 68.35019304088792
9 44 43.464213691550356
9 45 43.39814106512331
9 46 85.48371300965002
9 47 55.83505052032011
9 48 95.97849145361914
9 49 90.2877926614239
9 50 61.40933783082724
9 51 35.709119081497185
9 52 22.70964047436862
9 53 46.79738593179896
9 54 22.394917821846796
9 55 86.03284052044899
9 56 90.5131031316106
9 57 87.83420793231062
9 58 91.48875785374855
9 59 30.602262209848206
9 60 32.790275030233076
9 61 45.92065699386712
9 62 53.0718762331064
9 63 91.24789968585202
9 64 92.7604626629118
9 65 64.15664011621024
9 66 95.76587200803971
9 67 61.32964427051404
9 68 86.85693034957724
9 69 20.830379123701412
9 70 90.96788490960107
9 71 88.60427117747834
9 72 65.90033448954232
9 73 68.76875644196838
9 74 30.43903286530215
9 75 41.829203140216926
9 76 63.387354774910506
9 77 85.10947114298695
9 78 80.05361892891851
9 79 92.61780987658027
9 80 92.47455860401274
9 81 44.20596752197206
9 82 52.921633706523636
9 83 73.2553132300896
9 84 26.46139091175594
10 11 61.33697646303947
10 12 82.65932667734626
10 13 99.96486300876634
10 14 44.59329190895162
10 15 79.78253852918206
10 16 28.983770203419024
10 17 75.00102757940489
10 18 23.44705510374256
10 19 37.467922418507
10 20 55.363456903115924
10 21 52.98899288937825
10 22 84.01022720977373
10 23 64.99912135257885
10 24 95.07755448955278
10 25 44.998904651043134
10 26 76.53299977354479
10 27 39.50398935226788
10 28 62.872941353344984
10 29 73.51277246743905
10 30 50.27032927285266
10 31 94.21767562429396
10 32 68.6872612682474
10 33 23.40132081790257
10 34 62.33280398185205
10 35 78.92943760829667
10 36 51.568483122680526
10 37 72.53906946487318
10 38 40.76800154754799
10 39 44.724016257421255
10 40 87.89228725374964
10 41 69.84625824697581
10 42 70.10585776291535
10 43 66.09698398999541
10 44 97.2232481149126
10 45 60.3560728818693
10 46 95.15855293114049
10 47 60.9765129527337
10 48 29.386655211693533
10 49 25.862104878158565
10 50 58.79884386896365
10 51 34.102976920435985
10 52 82.46813123972728
10 53 34.995280796117385
10 54 89.17106624577927
10 55 73.15466157421227
10 56 41.73354379250388
10 57 68.49026911274818
10 58 36.869610289749346
10 59 44.67103450833331
10 60 76.39227066988707
10 61 53.195712332471984
10 62 93.94621810386525
10 63 90.9620632347859
10 64 99.00588486557021
10 65 67.53087855809027
10 66 22.17712245689456
10 67 96.88339391722599
10 68 42.200492723928
10 69 57.85317552083089
10 70 22.021989021737312
10 71 27.28286339530299
10 72 35.03279566721473
10 73 70.99687529748667
10 74 73.9433002402678
10 75 52.56626435232759
10 76 99.52204990728606
10 77 69.08453572087913
10 78 88.95006368399112
10 79 31.231318135219908
10 80 52.51357729705616
10 81 47.427498475901196
10 82 57.88780945137938
10 83 32.13403927318961
10 84 54.22701432460691
11 12 55.76901751124367
11 13 54.32112615527954
11 14 62.58347431156945
11 15 90.56930013810627
11 16 99.26041987289733
11 17 21.457374617302953
11 18 79.49906390080325
11 19 78.4225554638528
11 20 61.5512652740244
11 21 46.47587147291728
11 22 47.94095962908472
11 23 35.51843375127123
11 24 84.75902793677264
11 25 25.212802425092306
11 26 45.629825983302425
11 27 42.45215150708418
11 28 86.72187960848076
11 29 52.42563189992683
11 30 76.90797703509125
11 31 45.23543859804485
11 32 41.43527414055505
11 33 23.7142153827201
11 34 95.60228237240923
11 35 77.3442372920671
11 36 21.031940010457504
11 37 63.019064453587774
11 38 65.70805451123607
11 39 52.88571849932527
11 40 69.34317295931619
11 41 35.682842964299496
11 42 52.30368949895134
11 43 62.18782829450612
11 44 28.696535342431766
11 45 91.02301435272503
11 46 30.763552095882147
11 47 52.793494929265904
11 48 92.98968153290244
11 49 41.41465390570371
11 50 68.32369266682997
11 51 21.666944317652764
11 52 97.14352596549608
11 53 79.81707862363803
11 54 83.39039944915815
11 55 66.15897750883109
11 56 62.25339592899878
11 57 73.23620796333223
11 58 59.75291719837145
11 59 37.84012232090571
11 60 49.1552676994371
11 61 32.02247260907281
11 62 68.0278234886608
11 63 67.9439688809281
11 64 28.63574143086418
11 65 79.57311401374909
11 66 75.30073367433977
11 67 72.85809417949545
11 68 84.29159765305505
11 69 30.43522316693342
11 70 42.33928263489819
11 71 22.0798787336415
11 72 57.27758669211199
11 73 33.78940091566065
11 74 39.94716023676955
11 75 63.54061168181762
11 76 42.638118845814255
11 77 99.30728182449079
11 78 52.58240813499582
11 79 52.081456124502054
11 80 39.52443794020597
11 81 95.95449764472316
11 82 27.589382087440974
11 83 59.852464466829936
11 84 39.503700138924536
12 13 57.43107161282935
12 14 36.60643615809187
12 15 70.71208152697682
12 16 57.485807231556024
12 17 59.245597970091325
12 18 55.384789897448236
12 19 86.88957602560207
12 20 94.92326932843386
12 21 39.16532423917186
12 22 39.77140421290062
12 23 68.9403807325716
12 24 93.95331964816222
12 25 79.16780522541146
12 26 94.02836479028163
12 27 84.69056789177341
12 28 23.370465806579396
12 29 93.2922070384703
12 30 82.57645038937395
12 31 46.26283484337627
12 32 49.937742255946425
12 33 66.11335584813602
12 34 24.248455162600617
12 35 45.09803195560555
12 36 35.26565375279069
12 37 40.19208325275543
12 38 63.35120649619697
12 39 92.10939249978989
12 40 29.70731552437772
12 41 20.630784158376017
12 42 41.85521347981036
12 43 47.79803523412484
12 44 52.61743931857134
12 45 65.9966875584972
12 46 81.89675698672659
12 47 82.92172380962772
12 48 88.6906474182792
12 49 91.99787101975795
12 50 90.76003033990949
12 51 64.08414544209236
12 52 53.97060334514479
12 53 76.12220197003911
12 54 90.74752100302905
12 55 62.08515507064743
12 56 60.80508743880797
12 57 24.790952021325516
12 58 95.33457264608062
12 59 30.019287868318756
12 60 65.25094367502909
12 61 68.11872610091038
12 62 91.54700337827481
12 63 82.46679349668776
12 64 69.99862931392262
12 65 78.17107958027322
12 66 22.90230784722371
12 67 34.97263861675819
12 68 60.0549137559849
12 69 66.75934418242706
12 70 82.09531982144556
12 71 47.99093850174302
12 72 86.92584188293372
12 73 71.9113135565208
12 74 76.6727531360032
12 75 68.16321503162821
12 76 66.62642513948344
12 77 76.53445685284262
12 78 44.54406952587593
12 79 35.86896009086959
12 80 31.87970523866465
12 81 75.39163053142397
12 82 76.0907467944611
12 83 61.31843874346171
12 84 71.22910285284902
13 14 98.58895322357472
13 15 96.663088053648
13 16 52.71532744790977
13 17 41.39530541355826
13 18 38.73546918009596
13 19 56.47063956504914
13 20 39.461477458961156
13 21 78.9115116671277
13 22 45.42381545697842
13 23 82.33488911154302
13 24 89.84733457959558
13 25 92.18780496259426
13 26 77.56501921533486
13 27 87.85069381646738
13 28 97.586146919157
13 29 47.22349916375356
13 30 44.9564223759456
13 31 79.43136781130288
13 32 76.41927992492766
13 33 58.775881136000585
13 34 22.593841710656363
13 35 26.802593296521433
13 36 76.93280653627994
13 37 44.32360215223072
13 38 88.18872168273897
13 39 95.44855411767803
13 40 57.15407766486629
13 41 51.15717121280181
13 42 89.54232653946171
13 43 29.493529314763265
13 44 29.65352881659178
13 45 73.7070108387554
13 46 43.489311776615345
13 47 73.88432929481088
13 48 46.62083662429122
13 49 32.419855781926586
13 50 66.61047601933522
13 51 57.42368459532622
13 52 37.3469684446933
13 53 48.304776014437316
13 54 49.839202778386735
13 55 91.85486519546185
13 56 78.67792343786465
13 57 96.64835807199293
13 58 69.59068598026394
13 59 87.7031422901111
13 60 78.93967691957916
13 61 49.47012419333404
13 62 26.938475640925603
13 63 36.00504354478354
13 64 31.511492581825536
13 65 38.87491721379581
13 66 81.95190599348192
13 67 32.594556500880984
13 68 32.306214364714954
13 69 21.75380531035115
13 70 59.36049268930443
13 71 29.25752941237458
13 72 23.48534231732117
13 73 21.324418469481383
13 74 76.0386204951027
13 75 88.32063770770651
13 76 97.45594997736264
13 77 90.91676486757875
13 78 71.3682465137901
13 79 84.5957632796169
13 80 20.406749757607816
13 81 24.533825260246616
13 82 86.43518509107093
13 83 94.27223826616766
13 84 87.77783120576116
14 15 27.95514761174247
14 16 48.784194412021186
14 17 46.139597528275274
14 18 40.80697766647911
14 19 33.413727844767784
14 20 68.11862402345574
14 21 79.7553103252266
14 22 54.1947964362584
14 23 83.39922440997815
14 24 94.56582550387567
14 25 29.850827576965937
14 26 81.64114902950801
14 27 65.9970774785705
14 28 76.92845881152827
14 29 39.03619046270496
14 30 60.31392696169376
14 31 37.1371268286562
14 32 98.54215674051936
14 33 98.86671345951433
14 34 31.141842165924906
14 35 23.787180706362278
14 36 59.65836942036039
14 37 61.41503704429404
14 38 98.12007457219642
14 39 21.540128707256585
14 40 61.12455215368754
14 41 62.225876685382076
14 42 24.284676807806473
14 43 62.16859290996215
14 44 60.32008427694361
14 45 93.5336534245977
14 46 82.86714638794652
14 47 36.40795930549533
14 48 48.776742555227074
14 49 97.85380806974945
14 50 25.203112546762732
14 51 24.481186607853473
14 52 67.10949372597645
14 53 29.184103538815904
14 54 82.22607927112402
14 55 88.26868653077076
14 56 33.97174227382382
14 57 68.68224209225053
14 58 45.79528596650039
14 59 59.88048702346789
14 60 54.78831570801055
14 61 71.12876854545844
14 62 48.728248168446335
14 63 89.64485845920325
14 64 38.12467441325828
14 65 64.09367347552332
14 66 76.38433112136153
14 67 41.79917463136703
14 68 97.77043986079283
14 69 39.97735425574959
14 70 42.18097631248423
14 71 41.310718830831135
14 72 73.58110974408055
14 73 99.35368611891936
14 74 57.59338674285754
14 75 80.00740350119256
14 76 64.84854735708936
14 77 58.09689490838146
14 78 20.297045065861184
14 79 87.9967798608779
14 80 32.19286090208566
14 81 93.59406926705327
14 82 78.61751610658591
14 83 92.19801760585626
14 84 43.66435840546597
15 16 72.77707633041449
15 17 23.96418331113143
15 18 84.92998850762389
15 19 39.91863033255251
15 20 59.018632718007524
15 21 72.52577099496054
15 22 59.91670601543476
15 23 65.55831837862146
15 24 75.27168698152724
15 25 62.7842493921976
15 26 58.8253617640246
15 27 45.27207890319568
15 28 31.43602004372692
15 29 40.71894522471095
15 30 20.540268472332393
15 31 57.80135599939652
15 32 80.98598748063624
15 33 95.48372592358301
15 34 58.04373348243581
15 35 92.47707161109759
15 36 77.58992704260035
15 37 65.90152375884706
15 38 70.7945386531966
15 39 58.35305976717018
15 40 66.10418026238776
15 41 76.73412226279908
15 42 56.8061141525627
15 43 54.96960445445243
15 44 30.7352762365929
15 45 33.64315187028772
15 46 86.09863072318264
15 47 61.90309719541418
15 48 20.89704718753371
15 49 30.546824155742858
15 50 71.21189524535103
15 51 38.03099608742009
15 52 25.69539795229697
15 53 36.26118968055525
15 54 64.40996042490525
15 55 42.30982740316034
15 56 76.02202093679115
15 57 85.21672880047964
15 58 72.42630152385746
15 59 54.34199036075823
15 60 25.657507142877442
15 61 23.726683484826534
15 62 68.95088339372744
15 63 92.49409578249062
15 64 78.39200448027208
15 65 99.96771786954443
15 66 42.08577091887871
15 67 37.26027566254941
15 68 59.13239513867768
15 69 63.61748586070293
15 70 41.156325480726
15 71 54.55359419406805
15 72 75.95521805398099
15 73 27.189416871041068
15 74 63.354840879823556
15 75 44.165107645454775
15 76 24.23454252220301
15 77 54.30427638036481
15 78 24.874820890505678
15 79 29.43271497308845
15 80 98.06511280185842
15 81 82.09557699691707
15 82 85.60880698971465
15 83 67.9354204388162
15 84 99.37368458296291
16 17 94.91376413797691
16 18 67.22945948462151
16 19 66.47810703219923
16 20 51.52361661159872
16 21 56.99342206520378
16 22 72.54013460499114
16 23 25.656618649770174
16 24 87.46224443742389
16 25 96.02360976228528
16 26 81.86116883972
16 27 32.72656107588873
16 28 26.610731741892337
16 29 74.97183458590922
16 30 76.49436300548373
16 31 77.290653083315
16 32 21.5121196408127
16 33 65.72706493150604
16 34 60.77779378494767
16 35 55.70391829086254
16 36 46.25158753373106
16 37 75.5363160914799
16 38 68.15038122855162
16 39 89.13138585125137
16 40 44.666970573477904
16 41 38.308434034755656
16 42 80.22315267848933
16 43 95.2232267207948
16 44 46.807331902756715
16 45 20.476096621001147
16 46 20.40457352100786
16 47 94.79928407958883
16 48 73.34725912574066
16 49 37.88238418196062
16 50 49.09367383047419
16 51 44.755734973262705
16 52 57.54737846428984
16 53 32.79224883632335
16 54 29.45955063429688
16 55 77.79898965217734
16 56 43.88642769035567
16 57 51.02679799304361
16 58 90.87180731907199
16 59 88.31728071013137
16 60 53.268015498038935
16 61 54.88977844434788
16 62 92.0503127594048
16 63 47.952851768038975
16 64 24.355278467930155
16 65 69.88908623407279
16 66 67.00942591188563
16 67 39.15813194763505
16 68 57.04384544598209
16 69 76.49254467376494
16 70 97.47176803250764
16 71 29.013296556420496
16 72 91.2847179033709
16 73 21.804842904707513
16 74 78.22037935459022
16 75 47.364002777495614
16 76 69.18508490944897
16 77 45.37184226266889
16 78 65.56310676287896
16 79 89.9237751437788
16 80 26.515681574126635
16 81 71.65229226205085
16 82 70.43867455675529
16 83 75.45501476800462
16 84 77.22212269738641
17 18 87.32910040080434
17 19 25.583849421980382
17 20 92.52448094127779
17 21 54.30302519033333
17 22 84.11759593597807
17 23 54.3306557142663
17 24 34.256476033944665
17 25 66.16592654553784
17 26 31.22956691585322
17 27 99.7347312605479
17 28 48.575751327591576
17 29 25.02406736501314
17 30 65.33278498769857
17 31 25.221964145263627
17 32 41.438424034945356
17 33 94.05664562128665
17 34 56.26077346787888
17 35 75.8523342257126
17 36 69.08256272075923
17 37 68.20722851950734
17 38 52.07630067319607
17 39 72.63644045570035
17 40 25.109365967194464
17 41 51.09013114721407
17 42 86.3740478480661
17 43 97.32290281328959
17 44 52.59078526384913
17 45 56.53916851413434
17 46 86.8452451635606
17 47 36.61488916943016
17 48 67.9682709837804
17 49 84.60931380492266
17 50 83.53731405117665
17 51 78.00441806687913
17 52 45.57430191293739
17 53 89.91656345490395
17 54 73.8411642613585
17 55 22.7214131747051
17 56 51.92212689294082
17 57 32.86375104498724
17 58 96.6730686808837
17 59 43.718208469590955
17 60 42.66673196789337
17 61 41.08788188375879
17 62 52.04599556265808
17 63 33.60381969497479
17 64 86.39577727653426
17 65 51.11534817249378
17 66 70.03212517689218
17 67 48.86990544432479
17 68 92.97678403749157
17 69 37.944211224877755
17 70 61.51459363716188
17 71 29.55545156271887
17 72 77.45475151737999
17 73 46.3082437367327
17 74 73.06126964027759
17 75 38.46205518366646
17 76 28.55472143512535
17 77 66.52166116019855
17 78 34.96221750222004
17 79 65.14367350286659
17 80 26.055301591136715
17 81 90.15324182910847
17 82 21.241970944692945
17 83 66.44039563187886
17 84 76.65754387998768
18 19 35.23385744668413
18 20 44.43421222652776
18 21 50.53030480642615
18 22 91.74082048002316
18 23 83.10126141995852
18 24 60.6582944103163
18 25 66.1752825413581
18 26 79.49923430009565
18 27 75.02720289557124
18 28 45.05551250635299
18 29 32.57690300524751
18 30 38.09770145578739
18 31 69.83070887505072
18 32 59.822719431800934
18 33 46.14589659046683
18 34 78.11348010347463
18 35 90.94582262504036
18 36 58.39175771002396
18 37 35.55855008887325
18 38 42.13931844529518
18 39 81.96468931177505
18 40 93.13419148325303
18 41 47.632098112141
18 42 61.1080968399262
18 43 49.902065484868636
18 44 38.788983905514165
18 45 26.34479551388276
18 46 45.23665952676087
18 47 37.84131526055677
18 48 44.8017768474412
18 49 99.66682878341466
18 50 54.69981286843459
18 51 82.19596683583771
18 52 26.621289056319803
18 53 91.21794534355102
18 54 40.49761225342877
18 55 62.552884842835084
18 56 86.1839536168526
18 57 84.97984083358757
18 58 56.80237143331048
18 59 68.33535388555435
18 60 66.02431709017898
18 61 35.1252525700489
18 62 34.93419338098495
18 63 46.32019821426228
18 64 81.13376561486463
18 65 28.928781045979967
18 66 42.20389545794398
18 67 37.776510941339374
18 68 62.92233770157235
18 69 76.24556475412783
18 70 86.75391261048264
18 71 51.909633096800746
18 72 87.891932217595
18 73 45.71098242738684
18 74 24.47037046098381
18 75 70.7966460105454
18 76 95.1022216638236
18 77 71.52840176575526
18 78 55.06895651070195
18 79 44.25147215387514
18 80 89.49246996817483
18 81 71.75805502830352
18 82 67.44632148895163
18 83 96.60123568181562
18 84 36.366524004302924
19 20 64.96364921568059
19 21 71.88535477962884
19 22 88.8103761389729
19 23 53.2642901158382
19 24 50.69190086801565
19 25 81.1044146008859
19 26 56.8516336449113
19 27 67.0402362493243
19 28 43.8646861487086
19 29 49.233347756559915
19 30 34.99195701270849
19 31 55.11807175251582
19 32 72.58044397824591
19 33 30.220807685517876
19 34 92.0432144399679
19 35 55.39750227782975
19 36 28.590752837610598
19 37 22.282172726368064
19 38 67.75487556516428
19 39 56.596034032394506
19 40 35.17620417628818
19 41 69.81304637958792
19 42 35.11301248255498
19 43 69.74597824327509
19 44 22.612798267704164
19 45 86.68746643626075
19 46 30.45436820816418
19 47 38.62278052446237
19 48 68.1912078631281
19 49 48.98290400026781
19 50 91.91781689620103
19 51 90.73322818044088
19 52 56.10250900171593
19 53 28.208490248472895
19 54 48.627386581043204
19 55 92.88410227590136
19 56 32.71536473511073
19 57 33.64380125846817
19 58 68.51711872747444
19 59 70.52121899488179
19 60 87.80779835772168
19 61 72.97022037007382
19 62 65.4476366893592
19 63 44.25221720693209
19 64 91.62613884583082
19 65 35.96621597991005
19 66 32.150085415107846
19 67 69.16689941262723
19 68 71.01770743181338
19 69 41.46006493613757
19 70 73.50928216561383
19 71 79.8794578218268
19 72 90.42914389653313
19 73 64.44845698200798
19 74 82.44243946260133
19 75 55.428921472175396
19 76 68.14214127678362
19 77 69.46114748623508
19 78 50.84071635390895
19 79 57.87606138902043
19 80 75.86270829097259
19 81 84.3229404021906
19 82 37.95011243803492
19 83 53.518855760688275
19 84 44.108863594962024
20 21 99.29194270073255
20 22 87.51880450300833
20 23 69.76748692961627
20 24 40.77702282384786
20 25 42.040281763358884
20 26 90.08124134779588
20 27 34.61699930032985
20 28 96.65642348638139
20 29 92.43756788311433
20 30 44.687456503731255
20 31 84.51994054372278
20 32 78.75182091797387
20 33 64.44385820598956
20 34 37.25395616762508
20 35 76.75832615799331
20 36 35.136677664894734
20 37 95.89600034463349
20 38 42.99581734342594
20 39 90.13680858771133
20 40 72.91654700712218
20 41 67.42813573376742
20 42 72.29689710420553
20 43 61.4189963376129
20 44 45.80696675606567
20 45 34.017512238243455
20 46 41.43175291654954
20 47 38.031224128944594
20 48 41.791131254828585
20 49 35.26883011983667
20 50 76.73623901866186
20 51 80.38056460627014
20 52 68.67434868244283
20 53 33.38327836772472
20 54 39.34492477208323
20 55 69.67019784129795
20 56 66.95260268260196
20 57 27.307349222364266
20 58 50.92905266823138
20 59 56.33942813256422
20 60 78.54994956429297
20 61 66.12787722227498
20 62 70.76744724269462
20 63 21.877107625572894
20 64 43.77603784409497
20 65 45.63720714703814
20 66 48.539508216750534
20 67 62.62249311384419
20 68 36.71573815812809
20 69 61.892371002915134
20 70 26.04925043935099
20 71 40.26067419834182
20 72 84.68205673160602
20 73 59.89016746507264
20 74 71.30792414085772
20 75 87.35889615302362
20 76 53.079280295570385
20 77 49.03469410730815
20 78 70.93550184731106
20 79 28.459212679665164
20 80 79.4929706093674
20 81 61.927065484471115
20 82 93.82040900231112
20 83 44.08166645177468
20 84 27.718976172972738
21 22 44.47016692100526
21 23 72.73953051053184
21 24 52.83225534529626
21 25 31.426082205799688
21 26 45.43766776890723
21 27 86.87573337734656
21 28 42.03639215733166
21 29 38.58783976246144
21 30 41.27562105054069
21 31 97.13611674439112
21 32 63.162363036671145
21 33 96.3816645521757
21 34 25.19728165544872
21 35 24.13470743703554
21 36 71.45733321841558
21 37 39.47306624437551
21 38 60.67334107078547
21 39 46.821009456103
21 40 40.14984643025152
21 41 38.424497032546995
21 42 71.91069570674625
21 43 60.3326007861698
21 44 29.53730312192978
21 45 65.21447982263358
21 46 66.21554421284077
21 47 80.13868111398793
21 48 30.459087705964755
21 49 32.410780856701145
21 50 26.01138683145613
21 51 26.54491530795766
21 52 66.39536224071557
21 53 64.24108861632072
21 54 22.792450136414757
21 55 40.83496691049133
21 56 69.82902270277376
21 57 84.4205761689363
21 58 48.8301475264137
21 59 88.04051633468654
21 60 73.8523771106154
21 61 32.62727606768056
21 62 87.54992544256127
21 63 53.31992156348106
21 64 62.74025242143736
21 65 40.219098180790084
21 66 47.46283387551223
21 67 41.62237929393178
21 68 32.19689816859394
21 69 61.03816336465118
21 70 77.302502647458
21 71 36.30145047493028
21 72 50.425976300509284
21 73 51.0737318663059
21 74 27.178103592433615
21 75 44.92849633123576
21 76 47.55014244667975
21 77 44.24169109902052
21 78 54.1721910536912
21 79 55.81696378103096
21 80 93.58424167547787
21 81 70.90428029105539
21 82 74.42857196006952
21 83 93.18460165360122
21 84 60.728330471010715
22 23 99.7928006596129
22 24 97.88850871806196
22 25 25.945531084431828
22 26 44.13172001982609
22 27 33.13103898881344
22 28 32.86711092262141
22 29 99.36850536494165
22 30 56.913982151235906
22 31 44.49422722497747
22 32 85.01284139258965
22 33 39.407603193842746
22 34 67.51980735022782
22 35 42.35304023625285
22 36 39.775578706667076
22 37 33.292020749949565
22 38 64.58700090192593
22 39 68.4075751435321
22 40 77.84101067170903
22 41 86.06675345238963
22 42 37.53480400690784
22 43 75.74502629800423
22 44 74.008949413284
22 45 59.520166132987804
22 46 26.803557547001027
22 47 21.532535457146437
22 48 47.58094847542622
22 49 49.21438568199576
22 50 89.84599975674124
22 51 20.8199006963154
22 52 81.99656696773302
22 53 46.98055395380447
22 54 48.05796912955039
22 55 90.75085672581771
22 56 51.00775019590234
22 57 43.930762599372144
22 58 68.0659675743886
22 59 52.04654658337837
22 60 68.41632340885431
22 61 29.84862671791764
22 62 23.932237261785623
22 63 51.02657967601266
22 64 38.035859906350964
22 65 23.211538544317776
22 66 73.69614834595164
22 67 95.18008010253082
22 68 36.16106786279375
22 69 74.85063520245139
22 70 79.56158094597654
22 71 52.945499470950196
22 72 78.43480503176522
22 73 83.27700876690562
22 74 89.66107128134625
22 75 79.78876163153038
22 76 82.10368473131543
22 77 68.65048585072945
22 78 38.38873600572042
22 79 81.39233351618974
22 80 69.35577139787631
22 81 28.04075153225705
22 82 90.76155006368496
22 83 43.65464713388701
22 84 23.5453652296384
23 24 35.07750638548401
23 25 92.49691355791433
23 26 47.31289360081394
23 27 71.41398316780537
23 28 25.55668872121629
23 29 53.035041943950844
23 30 42.70727697330193
23 31 73.56132647599827
23 32 88.94958465766656
23 33 95.50384569647291
23 34 69.55038596024055
23 35 99.4130399263771
23 36 78.80057644470642
23 37 32.53495747801698
23 38 49.590289439082056
23 39 84.32869334196815
23 40 32.84444392875653
23 41 25.419257073637127
23 42 20.12687036042168
23 43 83.8276976412877
23 44 85.92178431149813
23 45 74.3373756322933
23 46 61.639406778324854
23 47 32.604383940999426
23 48 63.236100562872004
23 49 95.14283548512779
23 50 72.57735778599518
23 51 80.9429379849915
23 52 41.62619504504072
23 53 22.665203514193728
23 54 25.615501474030093
23 55 36.07974160426639
23 56 38.77055703898618
23 57 36.277010362190424
23 58 84.29337697284929
23 59 24.972878701049865
23 60 29.478356945248024
23 61 24.93785687418554
23 62 71.07875625996772
23 63 22.070279253801015
23 64 36.63110953884257
23 65 77.57853299203096
23 66 72.51424641464996
23 67 77.96975076935324
23 68 60.13715345627573
23 69 85.96229493189675
23 70 24.73358904374731
23 71 85.80827174372283
23 72 22.364002277021164
23 73 22.484141376415465
23 74 72.07017168661682
23 75 20.143376786059903
23 76 53.169100780835414
23 77 57.08100822962393
23 78 34.54191923611844
23 79 67.00358409466531
23 80 98.0203861015286
23 81 26.14243328928574
23 82 58.51474058882413
23 83 71.36991357386114
23 84 72.08693418542587
24 25 48.49735575223171
24 26 22.273889609807895
24 27 57.84530423343512
24 28 96.60769524640254
24 29 96.16069641201635
24 30 47.82705754002032
24 31 71.45414422485572
24 32 25.77955724811238
24 33 33.28465206243878
24 34 20.505031878182116
24 35 66.54685062807701
24 36 95.42983043089306
24 37 62.3511412349814
24 38 69.27719268462317
24 39 38.81638561720641
24 40 52.755464895130174
24 41 29.560540452400037
24 42 74.76451725538037
24 43 38.68955896427727
24 44 67.63532480986498
24 45 58.394676941852396
24 46 87.44487224816152
24 47 88.9910500327303
24 48 76.00328011003776
24 49 80.23141148119268
24 50 33.45207901868059
24 51 76.50275365255936
24 52 24.399711808287616
24 53 57.23533188229075
24 54 88.59380423290675
24 55 63.2917452879512
24 56 21.371554896602234
24 57 48.10695614443445
24 58 46.964374507357654
24 59 22.919512449556876
24 60 36.83015358686945
24 61 24.009924426802236
24 62 20.791276042068
24 63 20.488797884657792
24 64 50.38380803155468
24 65 68.11757962967087
24 66 53.85587743712351
24 67 98.12038133712426
24 68 34.189388320393704
24 69 71.06401611149275
24 70 23.709205222374095
24 71 72.49754856425696
24 72 59.04494975197036
24 73 84.50712726339128
24 74 43.26093030630372
24 75 75.83826926518883
24 76 66.06006463635421
24 77 80.59170945757158
24 78 74.27562873990377
24 79 65.82937591710981
24 80 89.41721389403091
24 81 38.10104166848747
24 82 31.092162504223573
24 83 35.93809390768875
24 84 36.55634302861191
25 26 76.23422239115202
25 27 73.61610383208259
25 28 22.09893683371537
25 29 38.15555685469357
25 30 57.057984791704335
25 31 55.42254349948727
25 32 27.57285728297175
25 33 37.19641516015383
25 34 58.02582047366107
25 35 96.13186734778422
25 36 52.74187802153983
25 37 34.67360320856278
25 38 47.02219097886225
25 39 39.211891077435375
25 40 31.729019342279
25 41 85.56943700695679
25 42 58.26122310851687
25 43 80.23055052749525
25 44 51.83224617253035
25 45 25.48774751569523
25 46 76.64371314345345
25 47 83.46722301609162
25 48 61.71954281865138
25 49 54.66072642856212
25 50 62.587191371074944
25 51 85.26146230219251
25 52 71.30131833547235
25 53 43.22181876716219
25 54 87.26020101873318
25 55 55.439425726222176
25 56 32.092749480701805
25 57 40.23274900729967
25 58 82.2667760321924
25 59 59.409793740630235
25 60 69.17388125929955
25 61 83.01000169353725
25 62 31.253097074014057
25 63 31.344410045439417
25 64 88.99541291568791
25 65 92.29551150028894
25 66 24.86815830463194
25 67 87.09764188802117
25 68 64.42468785074423
25 69 94.18765172162135
25 70 48.466213398070614
25 71 67.95370731340853
25 72 97.37348027196559
25 73 86.24525826867848
25 74 25.297154822372534
25 75 22.301077858359157
25 76 46.44443855730906
25 77 22.92710496679817
25 78 31.02576113445079
25 79 21.923260935205803
25 80 84.40320153249888
25 81 58.88483781189664
25 82 89.36995647927729
25 83 89.0972455134657
25 84 77.97548067813338
26 27 68.65548911304901
26 28 62.716285984613414
26 29 90.23125871718561
26 30 77.34693069537138
26 31 59.13869352155441
26 32 31.72477585850835
26 33 81.43381214702642
26 34 72.88282604039964
26 35 23.90982602168475
26 36 76.33696156105245
26 37 22.01328090544683
26 38 77.53334015559346
26 39 32.20414425159273
26 40 59.18492759295717
26 41 90.6969188222919
26 42 37.26085983507362
26 43 39.391789017241614
26 44 20.512613733120155
26 45 33.97049630105077
26 46 62.90364090642602
26 47 92.76026738811598
26 48 55.5482869581668
26 49 71.28785396526325
26 50 37.28246819815431
26 51 83.72422623470375
26 52 53.03150568559901
26 53 85.49310578842129
26 54 67.90766143196694
26 55 27.932799157007786
26 56 54.36552983427748
26 57 25.194774912498588
26 58 80.08176398980474
26 59 85.49247817781955
26 60 26.73260643253375
26 61 93.53656042574644
26 62 95.47851389049502
26 63 84.15468833521952
26 64 60.05825910322176
26 65 21.493434419779742
26 66 48.655107968196745
26 67 51.4702402062629
26 68 68.9055537842641
26 69 34.80095379725144
26 70 71.5220008834133
26 71 83.89999745098798
26 72 77.18570722131642
26 73 64.75560292078445
26 74 84.08096134403137
26 75 96.97639655557283
26 76 24.674337294319173
26 77 48.074380486420345
26 78 49.67060171093095
26 79 50.18674897307359
26 80 30.443805175211736
26 81 50.47259821290226
26 82 91.10556328546707
26 83 98.33550127000748
26 84 98.44105422868189
27 28 50.81178031239848
27 29 34.35987073782816
27 30 95.0143769332185
27 31 79.81849756310086
27 32 23.906261385437233
27 33 68.51027713234596
27 34 69.6817516732817
27 35 99.18567227562265
27 36 82.79748261678736
27 37 95.45199876345215
27 38 40.18428794715349
27 39 67.46056302871024
27 40 83.61717427780081
27 41 31.466657267188687
27 42 22.044689015426854
27 43 84.65760915544017
27 44 27.7594274547128
27 45 43.213746974217116
27 46 74.55389547068708
27 47 31.659862488625024
27 48 96.58940556443045
27 49 66.12241035560508
27 50 80.37650177916173
27 51 84.72668251099093
27 52 66.11043200992381
27 53 64.78352323362145
27 54 98.45002706819895
27 55 82.23119993977079
27 56 31.981046158753852
27 57 22.94040890386413
27 58 36.77769324116017
27 59 86.73028135296191
27 60 46.389756083492685
27 61 86.12884450905939
27 62 37.758238399323986
27 63 27.701808100173714
27 64 73.93651253474688
27 65 77.61703295393937
27 66 76.21835203400906
27 67 51.164112233354466
27 68 43.02494833120139
27 69 47.0140966758482
27 70 61.115293458006484
27 71 40.20898629148492
27 72 50.20343268595445
27 73 39.92011944466497
27 74 87.49360727041284
27 75 62.76112172441848
27 76 86.03858831114634
27 77 82.90728641972287
27 78 43.73105139292963
27 79 53.615918332376175
27 80 55.49924422162867
27 81 45.75235080957965
27 82 72.39371702883136
27 83 90.00868165152427
27 84 76.91849303193453
28 29 57.67020803942181
28 30 61.289220817149854
28 31 54.346400477087386
28 32 65.6907408058207
28 33 62.26522476486987
28 34 54.8436104837435
28 35 51.08819177256077
28 36 70.68992485358788
28 37 95.84201650764341
28 38 98.46147192305511
28 39 77.09473731336394
28 40 44.01600934710076
28 41 90.18206968825547
28 42 36.464082181654106
28 43 30.374778221046014
28 44 44.646239715712795
28 45 43.233393664578294
28 46 72.74327377147983
28 47 34.7080463293868
28 48 58.87849069182171
28 49 53.53806631919576
28 50 73.16922937825265
28 51 60.22397899144104
28 52 76.60849640665063
28 53 83.57004579718188
28 54 65.30685899237754
28 55 47.29317887788728
28 56 56.09776939425739
28 57 21.561414252459834
28 58 26.946249010370977
28 59 94.87039389132092
28 60 31.350551754167935
28 61 55.854311504748686
28 62 66.04373048416409
28 63 89.80247433850772
28 64 64.44133173699777
28 65 30.799578835857744
28 66 65.3227047721053
28 67 22.404533072392034
28 68 28.27985956530415
28 69 78.89325615323153
28 70 54.89327705355506
28 71 44.53080215714181
28 72 35.83212141942154
28 73 32.431048720308496
28 74 79.64816337101368
28 75 60.059268375397856
28 76 90.14221227328831
28 77 71.67520631732157
28 78 84.89456215737368
28 79 29.21762907475756
28 80 54.313315844654326
28 81 81.70792218889193
28 82 76.2361906578547
28 83 38.342853591785016
28 84 34.898253957563824
29 30 34.582494998161124
29 31 80.81316214147779
29 32 25.86412106592728
29 33 39.43982231874837
29 34 88.6384990204026
29 35 98.92180743849077
29 36 39.57774801603831
29 37 64.27246846811693
29 38 99.29971333062954
29 39 90.44507777609087
29 40 83.99819849785023
29 41 55.220579603154675
29 42 83.64443766034114
29 43 66.07843422885593
29 44 21.847736008080084
29 45 55.61887143341971
29 46 30.230606099244106
29 47 24.923955234453004
29 48 29.478452237692494
29 49 72.74563121616828
29 50 32.552940936638834
29 51 48.50348772846808
29 52 24.174671999225268
29 53 76.81297028200757
29 54 27.423926867873114
29 55 67.45271087208089
29 56 89.05266664061625
29 57 56.310798109623796
29 58 99.16353744083635
29 59 72.75305476434283
29 60 73.99459695362921
29 61 39.74569539651954
29 62 92.20116690727087
29 63 78.63475150526114
29 64 89.59903402836026
29 65 29.19861184432884
29 66 41.396368608760774
29 67 92.63247805115945
29 68 38.745130073223734
29 69 48.2485204791693
29 70 20.52191853943304
29 71 53.9034723336119
29 72 37.47933880794818
29 73 43.1416988679419
29 74 42.771866425726515
29 75 25.292804074483755
29 76 80.960682225873
29 77 36.05275607356778
29 78 37.870368279694546
29 79 87.55807882405784
29 80 93.22009464738628
29 81 30.97861607971091
29 82 99.93803425562164
29 83 63.3242476514051
29 84 44.455708875289005
30 31 48.032177276364074
30 32 72.73237073343977
30 33 27.748295710464916
30 34 35.19086497924054
30 35 75.80999221928829
30 36 28.15594002187843
30 37 38.939735146913335
30 38 23.692287717449616
30 39 70.50037700746353
30 40 47.68272302394183
30 41 71.21473407849331
30 42 95.95107490034813
30 43 96.57961078722937
30 44 66.47416080072685
30 45 88.96744116220158
30 46 82.00085779258018
30 47 70.29836033382811
30 48 93.32580590894744
30 49 68.88342917909914
30 50 25.438172463787918
30 51 84.61370942594283
30 52 82.86165045592125
30 53 25.376524200593018
30 54 47.9644917849858
30 55 53.70130482162
30 56 54.803655222716536
30 57 40.53101342460894
30 58 75.72361855922428
30 59 74.24747621890437
30 60 63.84179116264164
30 61 36.64312480335234
30 62 72.4537564912323
30 63 78.08090851226981
30 64 92.92058774100848
30 65 63.840516645298436
30 66 93.53496279711182
30 67 37.382774568961906
30 68 68.4544716995893
30 69 26.81335156591399
30 70 57.67234766336257
30 71 56.69596384926142
30 72 39.921545355777404
30 73 62.700669925821
30 74 94.5330680387771
30 75 50.75033224033385
30 76 75.75041327394175
30 77 53.86068775935005
30 78 94.53257071544141
30 79 59.425542286750044
30 80 29.09182692914637
30 81 50.55379885398538
30 82 41.1063731431686
30 83 34.66246478056338
30 84 78.87295220814707
31 32 90.10640251468921
31 33 32.00100229106626
31 34 22.94312695041605
31 35 34.83033827454486
31 36 98.99512701321731
31 37 59.22466094646438
31 38 96.94440876631214
31 39 78.53374947630373
31 40 50.4157450089334
31 41 49.031015292132345
31 42 53.50487945522115
31 43 63.290104743900606
31 44 78.86196791989465
31 45 60.457071668384856
31 46 24.195982780322627
31 47 74.55285545591839
31 48 81.67036715555824
31 49 71.21170257661123
31 50 28.879353692711433
31 51 96.69621145003914
31 52 67.2976928366714
31 53 98.59846262915016
31 54 38.45116566273237
31 55 80.15649950543876
31 56 46.44889627712623
31 57 44.620702883621504
31 58 41.62057182902629
31 59 29.57013238691637
31 60 33.83755734134092
31 61 90.49777443969862
31 62 62.29637074663224
31 63 54.24241220583082
31 64 84.76225134241251
31 65 57.47984677393206
31 66 27.25296353934839
31 67 33.27533547197281
31 68 77.42931898880065
31 69 27.253892003803067
31 70 98.76199899416564
31 71 68.55923777650567
31 72 63.89218819331
31 73 77.29137961195924
31 74 73.81560207349025
31 75 96.09948689781709
31 76 38.4850782399809
31 77 57.38648911178426
31 78 26.401190894500324
31 79 73.08258464075065
31 80 89.75092708197498
31 81 56.545837092705156
31 82 67.12322448775014
31 83 23.406053985199556
31 84 77.50245835479421
32 33 54.335177812775235
32 34 42.5490705509267
32 35 36.688931874723835
32 36 55.205505625765895
32 37 22.43988020866177
32 38 62.18710352173695
32 39 63.631154518858615
32 40 96.32955391063969
32 41 46.61920426528816
32 42 52.05813107323833
32 43 75.63644261450636
32 44 83.10784284373611
32 45 84.55644440272505
32 46 86.00779197064286
32 47 63.629968254970315
32 48 84.88679103800895
32 49 66.87490923148036
32 50 54.02876623686399
32 51 50.643931757403806
32 52 80.70033402992613
32 53 70.79015723878814
32 54 38.40654517434844
32 55 80.44613268293116
32 56 59.486558816319
32 57 76.31698100407444
32 58 87.12775058714791
32 59 97.65157137070959
32 60 66.95530663372881
32 61 51.62632619262601
32 62 43.93048265746155
32 63 83.16793026094713
32 64 67.32149365746503
32 65 70.15862216865365
32 66 47.232830791812816
32 67 76.30112141400943
32 68 43.03672602253763
32 69 48.95896838072634
32 70 36.95141408909074
32 71 33.09825838247572
32 72 70.59704154983108
32 73 55.500968475921496
32 74 71.81310506259976
32 75 63.8477150882937
32 76 69.97037980948724
32 77 83.95955223043956
32 78 77.48943559691367
32 79 49.46790281319964
32 80 84.3055429723723
32 81 81.94057225193299
32 82 50.493364056460706
32 83 47.09257059971283
32 84 40.1734886074823
33 34 89.46275757889187
33 35 94.74037620728981
33 36 98.79656720243375
33 37 57.81189124334119
33 38 53.47940455811968
33 39 56.479258630462795
33 40 81.28948266783193
33 41 89.6825288486757
33 42 41.792438189186846
33 43 26.53325558789737
33 44 90.8334494586571
33 45 88.9711740427048
33 46 69.19447142602853
33 47 36.13786147628509
33 48 69.27376447469159
33 49 47.5781608386213
33 50 98.98453279827491
33 51 31.058725969868615
33 52 91.17287201231122
33 53 80.89132572770849
33 54 91.8955004385378
33 55 60.693090926779576
33 56 29.43416176333387
33 57 98.56170084528067
33 58 68.0165689595275
33 59 78.14411944524082
33 60 95.21933793676256
33 61 98.78461126553337
33 62 63.80992251292727
33 63 75.25328525045238
33 64 43.09133317723101
33 65 24.947262037473763
33 66 64.72547212723016
33 67 92.32860388609274
33 68 36.109908492442116
33 69 66.812532760037
33 70 42.90490112311532
33 71 27.786711627306964
33 72 61.314565020112894
33 73 36.81810050964529
33 74 34.21475409112809
33 75 73.02496936742975
33 76 68.86133303440693
33 77 34.63358751999291
33 78 27.91202391897859
33 79 72.32881430707612
33 80 52.82960270653898
33 81 20.83147693340773
33 82 56.76143422584222
33 83 37.48288807494266
33 84 35.6639385820089
34 35 67.3024780248114
34 36 71.24870854890705
34 37 48.93111711570478
34 38 56.72070801997393
34 39 44.14902126751281
34 40 77.89108318659459
34 41 81.36884645183832
34 42 59.472176413720554
34 43 23.31032837803047
34 44 76.51175404939522
34 45 45.67588656510155
34 46 41.5620823221757
34 47 78.80913756747162
34 48 38.183672869499865
34 49 34.99516964844793
34 50 88.48866621706068
34 51 74.99152137995533
34 52 87.3497692672699
34 53 24.578520012642553
34 54 26.651463773266542
34 55 99.17705793080712
34 56 80.19444966647967
34 57 63.14906301405746
34 58 20.616661378690466
34 59 27.152967039722967
34 60 65.57986704665385
34 61 74.28092038183328
34 62 30.35885688240766
34 63 77.2922907393638
34 64 74.95373491388784
34 65 54.20215260557019
34 66 37.348158717597954
34 67 28.917095536624025
34 68 67.55947496318862
34 69 53.94610317829503
34 70 62.49331897497043
34 71 99.99606064603569
34 72 43.37272404767244
34 73 62.80139509705988
34 74 54.206056195019386
34 75 22.138516375944555
34 76 21.449662017291402
34 77 39.166998954902404
34 78 37.626900535850154
34 79 73.01492585885552
34 80 95.6243326682634
34 81 71.04983775365807
34 82 75.30543563040992
34 83 42.03761626049208
34 84 60.2576878418413
35 36 89.92458771209344
35 37 65.7659907163036
35 38 56.00400376356605
35 39 89.54802649343497
35 40 61.90114703685718
35 41 21.25680455789139
35 42 59.58334731059929
35 43 49.14914539146175
35 44 23.350092135441038
35 45 93.85311889940948
35 46 58.31720943596825
35 47 73.75877897941247
35 48 48.02802702774017
35 49 34.45583926244514
35 50 38.52326918551184
35 51 62.43567069623033
35 52 65.46719670010911
35 53 74.07249530769118
35 54 33.78298052161807
35 55 41.50554944358474
35 56 86.2300006157241
35 57 62.64849227221916
35 58 73.95889689532004
35 59 48.05113664265801
35 60 58.10499749075192
35 61 71.50780693871624
35 62 93.70241080148878
35 63 91.90549672953685
35 64 53.40634834242262
35 65 34.28656712183778
35 66 25.25844120388472
35 67 82.15074680623974
35 68 32.83782920954961
35 69 63.455762124544464
35 70 73.22211794439983
35 71 89.59708696553378
35 72 40.92437782861654
35 73 87.50295124075339
35 74 95.38771578494605
35 75 76.94933950557527
35 76 67.11376839497883
35 77 46.77505289044163
35 78 48.41622839915181
35 79 21.999277092970946
35 80 61.74951626310653
35 81 64.29633335563659
35 82 78.46977013827076
35 83 89.5284663110841
35 84 61.32851825784638
36 37 21.163025433198328
36 38 85.62440244917313
36 39 77.02656806522324
36 40 84.70968444743319
36 41 41.079839181682026
36 42 33.50900144435131
36 43 68.99395725567369
36 44 28.076112262976967
36 45 32.66861128369064
36 46 97.69823712708218
36 47 73.7777065647433
36 48 64.72399156299959
36 49 85.456878005604
36 50 85.33042521710169
36 51 31.48526324379062
36 52 73.43966650525365
36 53 93.18686291673836
36 54 28.314014936516756
36 55 54.692482018418744
36 56 74.77777148544949
36 57 99.25137317404052
36 58 54.113043183156144
36 59 96.08780554517965
36 60 71.70266527680548
36 61 73.60408019111213
36 62 77.90933956536813
36 63 38.82727428234895
36 64 80.8415465909579
36 65 25.582820049704313
36 66 27.414710152486474
36 67 53.43513290708306
36 68 74.24642480141206
36 69 55.412987122752845
36 70 70.22826066669272
36 71 94.20461164618689
36 72 73.00737584912612
36 73 39.77879544084412
36 74 41.03909465670506
36 75 33.9772804627861
36 76 72.36508863864842
36 77 84.8817681783681
36 78 47.87071336945674
36 79 20.472433979698685
36 80 36.04228892394974
36 81 63.68557734381997
36 82 72.9332480113411
36 83 84.42348160587896
36 84 29.980381074379345
37 38 50.35743130859912
37 39 74.20159433415749
37 40 78.70585827393897
37 41 57.16247504984775
37 42 47.89993320282487
37 43 28.643818895841655
37 44 83.4617804716114
37 45 67.47396605615228
37 46 90.55485540110554
37 47 52.525310261490965
37 48 27.374926199603724
37 49 42.373686968703204
37 50 36.486595461026916
37 51 59.15198461199303
37 52 96.61286612161369
37 53 96.828295833716
37 54 68.11297092297123
37 55 68.41852134408884
37 56 79.49287183142451
37 57 40.59160811027088
37 58 53.851670020471765
37 59 79.34059928999228
37 60 40.96240325666444
37 61 44.504001968246456
37 62 21.614474725808304
37 63 24.0310160789811
37 64 32.78199495761661
37 65 22.61008468754005
37 66 39.996721465074536
37 67 22.367585542571298
37 68 37.09370422029269
37 69 28.097264127593906
37 70 51.30817232337874
37 71 68.46645566442658
37 72 77.45701160519741
37 73 94.06079436272067
37 74 28.399737644348892
37 75 34.06585212840967
37 76 82.23954737828967
37 77 86.78496588895126
37 78 74.29274360720464
37 79 87.26483159558808
37 80 72.3014537894908
37 81 47.953291650427595
37 82 67.61467484055513
37 83 42.31248488491926
37 84 90.24818202645407
38 39 98.52463933780403
38 40 52.702635118607674
38 41 71.8939435093737
38 42 92.63224758177473
38 43 45.37679084265712
38 44 53.98119738398808
38 45 97.044539169094
38 46 32.42879896889762
38 47 65.5996699803253
38 48 36.086132144934425
38 49 59.64338840845776
38 50 57.9469490789652
38 51 85.07431844246304
38 52 96.28863670723432
38 53 23.321446299967057
38 54 25.045321009668076
38 55 41.78604062472146
38 56 25.39647647156846
38 57 24.208248766823807
38 58 84.34183497651973
38 59 92.97956845895611
38 60 52.0536379761823
38 61 89.5374770947207
38 62 38.674967133060306
38 63 20.359972268542332
38 64 92.9104149531437
38 65 60.08845718788735
38 66 21.617588298368506
38 67 44.37314168526602
38 68 64.36669812585045
38 69 39.212659787310244
38 70 67.94478055349535
38 71 20.974712794691854
38 72 64.86833837753503
38 73 31.98182972538519
38 74 92.20734937502368
38 75 35.57817094969675
38 76 90.85438990842289
38 77 52.3124893174255
38 78 37.08928786164474
38 79 70.11625350788685
38 80 78.2972820926905
38 81 45.847587401046184
38 82 84.52388252901318
38 83 85.18932561289637
38 84 50.885914169895756
39 40 92.02068491546714
39 41 83.76058241855367
39 42 49.70756076373969
39 43 52.289894524346536
39 44 48.41453355852721
39 45 61.448498114207496
39 46 95.53912558343438
39 47 21.483167418890172
39 48 98.54016395094648
39 49 22.836413067591465
39 50 22.17198439254848
39 51 94.28694201909097
39 52 67.22951667202048
39 53 57.841357139854736
39 54 41.17114594035962
39 55 97.69947461627855
39 56 93.77340453518754
39 57 69.53008823970436
39 58 97.79198682957463
39 59 26.75045108527833
39 60 84.5266838466136
39 61 77.77977073433348
39 62 28.796480528473502
39 63 28.649061121299653
39 64 54.629319839810854
39 65 95.11339005560215
39 66 71.4080222400351
39 67 26.636767320463008
39 68 61.45743293383429
39 69 64.51520410693513
39 70 62.14768466027945
39 71 35.60442984150324
39 72 68.47720877785477
39 73 50.66688334106156
39 74 85.58480825740789
39 75 37.71238089842983
39 76 43.64005240466068
39 77 38.80445179829686
39 78 65.11049881592429
39 79 21.85433673331722
39 80 52.543478993556015
39 81 96.17255865086513
39 82 67.26076229877964
39 83 53.193659258910486
39 84 23.588985027544247
40 41 86.80915760054175
40 42 77.39600828469433
40 43 94.28094231734316
40 44 64.46928412076593
40 45 72.54611156378536
40 46 48.98385903792268
40 47 97.2238308926858
40 48 30.523997392330557
40 49 73.18214861741848
40 50 52.381589361715115
40 51 24.28812491666723
40 52 54.786724693433385
40 53 37.90316784621985
40 54 22.88855759667733
40 55 35.370742969156304
40 56 37.36100506288305
40 57 22.652567466454645
40 58 48.27888957204458
40 59 86.41246926078858
40 60 48.653230973138726
40 61 88.91315556222827
40 62 22.435290247542696
40 63 91.69089260800833
40 64 68.0971709853879
40 65 96.04771457785687
40 66 48.74501839373224
40 67 81.68211543243913
40 68 79.03381080102376
40 69 73.72115019421307
40 70 41.64838962559821
40 71 77.63800185937596
40 72 56.608038607592405
40 73 24.279646699057736
40 74 26.99641567275707
40 75 75.87553357155329
40 76 55.34111799758143
40 77 67.69127119050998
40 78 85.19453957257916
40 79 79.61565558597334
40 80 63.69650306182757
40 81 27.340221063847714
40 82 45.731440862793
40 83 57.663528084945135
40 84 21.545089136555617
41 42 29.339298459312026
41 43 74.14629209681179
41 44 54.52252325375102
41 45 30.47186839181542
41 46 70.30916713479586
41 47 20.43222517259128
41 48 69.46924378966915
41 49 63.430720987703076
41 50 69.84069143730338
41 51 37.71563108983983
41 52 44.8736760542959
41 53 66.25664996140644
41 54 71.74457154288262
41 55 64.07884944744964
41 56 54.96630178980692
41 57 41.522398166010234
41 58 42.19284236404582
41 59 68.95673571009385
41 60 98.8234016756019
41 61 85.19501592543949
41 62 38.114083828772074
41 63 20.83049401893649
41 64 37.02218381193454
41 65 33.94481436150486
41 66 47.43358039735109
41 67 64.46507067623648
41 68 30.23448267669453
41 69 43.679215808392264
41 70 38.373586944098726
41 71 24.605646282028452
41 72 55.614940787353795
41 73 80.63361897673408
41 74 59.342417358889136
41 75 32.8221940003609
41 76 31.723342481857387
41 77 88.3661298462959
41 78 47.55591148169613
41 79 25.93336552200921
41 80 58.150359804340574
41 81 26.230289898470396
41 82 29.87668887117655
41 83 27.068774862480403
41 84 83.48357569320633
42 43 66.1270709458154
42 44 29.724127336683026
42 45 45.8866914355875
42 46 28.61808970449062
42 47 21.920540005021465
42 48 97.13359264785156
42 49 98.74830547668965
42 50 35.22018195180625
42 51 51.957632750627965
42 52 70.69900791039396
42 53 36.4170017930297
42 54 92.08284253590611
42 55 72.4561582888968
42 56 97.52393776529844
42 57 84.50637371637367
42 58 41.61139464352175
42 59 84.61494570740454
42 60 96.06727511730712
42 61 59.11299032534551
42 62 74.61958059527295
42 63 78.9906916915456
42 64 59.244710649721135
42 65 93.74399603111301
42 66 36.882660797698385
42 67 27.085814323856816
42 68 79.22162519280732
42 69 28.153954026492247
42 70 92.85021556124286
42 71 96.69152418945555
42 72 62.43679747891221
42 73 24.709417451579057
42 74 59.41489006130047
42 75 50.62388382466776
42 76 81.30462530109605
42 77 36.93531693263398
42 78 81.05813383357912
42 79 45.435209292375916
42 80 34.4165753135178
42 81 74.23979056481801
42 82 22.41692848585157
42 83 47.63705474482811
42 84 89.35316748042845
43 44 47.09126171580098
43 45 60.816058093527815
43 46 27.084269235429012
43 47 88.05761129235988
43 48 77.68123286800466
43 49 44.92856175189025
43 50 25.837139400765345
43 51 99.05583034581228
43 52 51.67275259652878
43 53 70.15383057827438
43 54 76.56865396356598
43 55 49.28892782638529
43 56 37.76381493745751
43 57 45.32605895219095
43 58 57.83435409752826
43 59 94.82318954626268
43 60 48.261985888208905
43 61 60.44296437785121
43 62 46.86833416363748
43 63 69.62081811679376
43 64 20.506329863517117
43 65 29.863255098572978
43 66 26.65084459913059
43 67 43.65971323213799
43 68 30.264060872989713
43 69 97.15914621226881
43 70 34.55943314460063
43 71 84.79272454323207
43 72 42.262990559677434
43 73 64.9942677561505
43 74 35.12709925633814
43 75 75.19103539579572
43 76 74.93808282563354
43 77 26.03062951831026
43 78 88.64492528736561
43 79 89.4253261859099
43 80 70.79477140611229
43 81 31.3026146149489
43 82 43.19792935730163
43 83 52.598539841327494
43 84 83.05980092783885
44 45 87.09458932383463
44 46 50.09241055391907
44 47 20.943407736776763
44 48 24.635567246132002
44 49 60.49975984074948
44 50 84.06584944440455
44 51 56.971499065190315
44 52 83.3610804294773
44 53 72.35059896918858
44 54 93.11764038054125
44 55 21.9551965615911
44 56 77.19681604813078
44 57 95.21424067323204
44 58 61.8779130730282
44 59 25.125117114638044
44 60 76.36780855643784
44 61 73.15231928968171
44 62 46.11371973832546
44 63 99.16936855490309
44 64 73.00458281771934
44 65 82.48471539693558
44 66 28.858445045238188
44 67 83.07176885613757
44 68 20.096362215994077
44 69 79.0250029318793
44 70 28.5121971066949
44 71 94.07787879281302
44 72 81.34614708319286
44 73 93.97397026356205
44 74 87.44750118579019
44 75 97.7902303471886
44 76 43.69635136820969
44 77 75.83840907420448
44 78 26.649380953235024
44 79 59.13125674375499
44 80 88.69109428096829
44 81 54.207447676822326
44 82 21.82906867982026
44 83 72.26779394962
44 84 72.51197724211326
45 46 22.444423196838656
45 47 90.93465441250284
45 48 22.739071047075825
45 49 65.89357746945038
45 50 96.16987394396281
45 51 21.13261274715753
45 52 42.557151364670105
45 53 44.16316233955584
45 54 36.9686703057742
45 55 83.92571203877738
45 56 44.9420609519285
45 57 87.19727137555086
45 58 61.58925394008561
45 59 47.97204120700114
45 60 60.916424327014774
45 61 76.5907494617679
45 62 31.39978609977062
45 63 43.18100965964116
45 64 94.092624123928
45 65 73.45423249037708
45 66 54.85495516095618
45 67 20.903506534762705
45 68 88.81953949975544
45 69 94.7691329143092
45 70 76.9774615683186
45 71 47.39643867029127
45 72 52.28989638332618
45 73 48.648304456089846
45 74 98.56829404076632
45 75 63.56850690503886
45 76 52.803005348350524
45 77 80.82872639655015
45 78 45.41435360414332
45 79 76.80704840782018
45 80 92.2622114062005
45 81 97.42005721582358
45 82 98.54692346666259
45 83 22.86953586551472
45 84 82.3180034152698
46 47 73.15496006046057
46 48 89.001672780839
46 49 48.21058365660457
46 50 94.53432025827038
46 51 38.71479835415062
46 52 89.57137448503009
46 53 48.77097467207549
46 54 63.51698641627518
46 55 55.898595930873455
46 56 21.708793256442334
46 57 46.51228024915256
46 58 89.75408549317729
46 59 36.83203736890391
46 60 94.04166122456138
46 61 59.027189658076196
46 62 76.07602672263158
46 63 74.76677598355906
46 64 60.83258664413997
46 65 46.72046861519985
46 66 45.97320020191428
46 67 51.0739865807134
46 68 77.18255434662932
46 69 22.675200320261368
46 70 68.58958326257267
46 71 39.77755245028915
46 72 30.857613335471434
46 73 31.960428044652858
46 74 62.223675505766955
46 75 57.50492811533829
46 76 90.82214358578197
46 77 91.89004414361608
46 78 75.7392540291371
46 79 70.90327808040377
46 80 93.00316919353745
46 81 63.36863367209875
46 82 38.710042805050065
46 83 36.09371126660023
46 84 33.378802017003096
47 48 44.51703282223149
47 49 36.054890403633095
47 50 33.52361590746941
47 51 70.21226697483135
47 52 24.49319337835088
47 53 89.18924972145207
47 54 27.068194846648083
47 55 22.119125414949707
47 56 90.70665363551231
47 57 45.69152709745772
47 58 98.25387634992835
47 59 88.86953463917592
47 60 91.47933576977215
47 61 22.540233699623016
47 62 97.70291301738442
47 63 58.53688342860068
47 64 41.2930846692787
47 65 44.166109947344566
47 66 44.3527010807562
47 67 46.28718343329773
47 68 51.72509681045403
47 69 24.779576145869644
47 70 45.83074443415512
47 71 86.70662977544676
47 72 27.386431129855993
47 73 90.74911566354413
47 74 93.74606690711546
47 75 27.11537424065878
47 76 60.632835799668634
47 77 70.0863883751833
47 78 46.06987238563817
47 79 95.87567949799414
47 80 39.9010260869273
47 81 39.30422632143926
47 82 52.72066355342531
47 83 72.43089841477644
47 84 34.92846304419446
48 49 27.573543513229282
48 50 68.6202711604634
48 51 74.59656676106202
48 52 90.48976805837573
48 53 84.67481015068928
48 54 80.82243783622243
48 55 25.59126156701426
48 56 63.00261273384494
48 57 43.22408115187131
48 58 68.06742533423018
48 59 64.7381561889954
48 60 73.76931345659322
48 61 81.5611435220027
48 62 88.44426105767002
48 63 47.43188164175956
48 64 28.85598443681384
48 65 68.59044296113362
48 66 65.93391415891043
48 67 69.29089571940895
48 68 61.86273424074358
48 69 21.65849662813457
48 70 54.51998825135575
48 71 56.94848211869584
48 72 60.61120036228594
48 73 91.1528824975066
48 74 86.9976244973236
48 75 77.40588335216941
48 76 42.22938546112857
48 77 56.75728074565147
48 78 55.662301478605556
48 79 75.97409013915902
48 80 33.719793816985096
48 81 42.14121187231846
48 82 59.80940467071712
48 83 64.62178638204506
48 84 96.81650160283115
49 50 98.23981974338199
49 51 38.35953840622256
49 52 20.05763095284797
49 53 86.56405000284376
49 54 48.769753829512155
49 55 39.76017627723047
49 56 51.63214426272218
49 57 22.824281915649543
49 58 83.83391928785215
49 59 37.24876905193636
49 60 36.25622460702064
49 61 34.14910602803151
49 62 47.16900860345483
49 63 70.2374856661963
49 64 58.6937348452038
49 65 97.51583694869939
49 66 70.81943014007942
49 67 83.06686499772273
49 68 83.96524111173741
49 69 21.419576049524174
49 70 43.20187228253956
49 71 75.73180751669715
49 72 57.557052135811375
49 73 43.829059046401525
49 74 68.6180431576642
49 75 80.8570460357938
49 76 59.094985252752146
49 77 29.744079901562756
49 78 66.82560591497548
49 79 46.22010168377143
49 80 81.76904317809237
49 81 56.395149249864225
49 82 64.31710246625485
49 83 74.39549594792891
49 84 76.28257007339828
50 51 99.99652340709264
50 52 40.031964454657725
50 53 34.79380198224419
50 54 55.30478090331643
50 55 93.80208777589493
50 56 74.83383272095608
50 57 93.34004210703935
50 58 55.90423973094852
50 59 48.03047254561011
50 60 43.21834258828437
50 61 31.000885302253014
50 62 80.92333786184327
50 63 46.60425608903641
50 64 99.40431352610328
50 65 59.334835993761786
50 66 31.63456350507408
50 67 62.161375385512805
50 68 33.01061244977134
50 69 86.24044761818445
50 70 57.71732434884995
50 71 42.97821049028122
50 72 64.07821526182144
50 73 41.448929807697425
50 74 27.57163631370112
50 75 72.68746128916582
50 76 71.59385336142127
50 77 78.37614589730106
50 78 64.41884264316963
50 79 53.48785406852295
50 80 49.374076418906824
50 81 76.1726512198531
50 82 50.55356940924514
50 83 90.2038372670278
50 84 24.958725013103063
51 52 20.048464293318666
51 53 56.993480910881864
51 54 55.59891564373899
51 55 77.94449083053709
51 56 48.00732129333993
51 57 99.08741063782728
51 58 94.02238720938723
51 59 56.71556653317316
51 60 47.32944885756963
51 61 46.55782253990192
51 62 72.69042813046637
51 63 49.68922415105638
51 64 79.18967004078348
51 65 88.15218137574024
51 66 44.497592876656554
51 67 86.4089569876988
51 68 55.68811411506481
51 69 75.86696657963365
51 70 49.0359479757517
51 71 92.52949922311171
51 72 51.78407049304846
51 73 52.673355821541264
51 74 46.23888366465987
51 75 99.00727544248939
51 76 92.08853063355798
51 77 56.07953569927068
51 78 50.651042743694596
51 79 93.4638861454104
51 80 28.19435166045718
51 81 64.68817724709666
51 82 77.46056110482057
51 83 50.21089359147161
51 84 71.44895664780947
52 53 32.091240089727584
52 54 32.46537050949218
52 55 90.22408357577571
52 56 40.02966817493095
52 57 33.49211536377429
52 58 47.93146036980946
52 59 39.34474404099511
52 60 71.34316269243516
52 61 82.40313330238507
52 62 96.65643073460826
52 63 88.34247696109978
52 64 43.21862445017183
52 65 30.96207282127489
52 66 45.46763294261897
52 67 77.9023470429222
52 68 52.73541260513582
52 69 47.673558173023416
52 70 92.54859843848044
52 71 39.122461301615104
52 72 94.62433451215813
52 73 21.191760985682233
52 74 60.57909912998654
52 75 28.8162332468708
52 76 60.548227234795306
52 77 23.16212944562072
52 78 41.87411812025539
52 79 56.29653454041523
52 80 22.341462948490587
52 81 40.81087657804826
52 82 99.22829295920445
52 83 70.33237408199908
52 84 46.74694139033186
53 54 30.569786545873647
53 55 22.618460115958783
53 56 63.07744929825064
53 57 89.67604554422246
53 58 55.44464460447067
53 59 89.89576312509891
53 60 97.0462146054171
53 61 93.21398071930513
53 62 24.746696894896118
53 63 66.60990192645038
53 64 34.42076151334139
53 65 28.36323085050524
53 66 46.11338263304043
53 67 91.86559436946484
53 68 34.05716895028984
53 69 24.794885055130358
53 70 74.61684481332483
53 71 68.6886311876881
53 72 41.27311087249895
53 73 49.171969982273154
53 74 58.81766281059604
53 75 62.94562345654277
53 76 20.136811390978025
53 77 49.46367636470235
53 78 87.4204678726243
53 79 96.30273460678711
53 80 67.278799631107
53 81 58.000667774255454
53 82 20.074099787629322
53 83 78.13962922491746
53 84 66.00509472677373
54 55 32.19777649630031
54 56 94.03843202726604
54 57 64.78581131369333
54 58 39.578046186773285
54 59 86.99973746082759
54 60 95.09415118274806
54 61 65.06382091859233
54 62 44.37362695740684
54 63 37.08750260840033
54 64 85.85293407648457
54 65 51.99937376629967
54 66 87.9562660655148
54 67 65.48281906912126
54 68 60.384764603929824
54 69 49.8521943813484
54 70 54.74727632764822
54 71 93.06455927108156
54 72 60.57380353026122
54 73 63.01673232238164
54 74 63.07915896384513
54 75 39.84998083949053
54 76 77.2949214083667
54 77 86.75773352183455
54 78 40.715137746595104
54 79 34.80063149973554
54 80 93.41162399015764
54 81 91.30302228194745
54 82 77.14022033789188
54 83 94.14338436709772
54 84 48.99173003608717
55 56 30.6080343840716
55 57 43.14868101794394
55 58 41.43929058345981
55 59 94.28181117709362
55 60 32.73432089365229
55 61 79.90239110759964
55 62 66.56090395190412
55 63 33.70501372837411
55 64 99.84703817159841
55 65 93.47972093811384
55 66 35.78908477709079
55 67 76.71058179897793
55 68 66.63489281048227
55 69 90.09762567069835
55 70 27.93378771433325
55 71 94.08655579994266
55 72 31.323637862025144
55 73 43.86910559228003
55 74 69.72628461923476
55 75 32.5508068303423
55 76 79.891460098824
55 77 43.15073750354868
55 78 73.62349255259434
55 79 74.06757454872022
55 80 67.45642114128904
55 81 95.45195022263397
55 82 34.6706611184121
55 83 94.6251348583935
55 84 74.3430167200606
56 57 74.12208302818732
56 58 90.26509451039952
56 59 92.65322913425081
56 60 77.9180390934313
56 61 77.9410571472936
56 62 50.42766343054367
56 63 56.4464143937643
56 64 75.88615024948237
56 65 68.27325496016317
56 66 89.31912586245802
56 67 88.69965051619963
56 68 49.00003346335113
56 69 65.01007092559095
56 70 77.83451478544805
56 71 24.065533498081226
56 72 59.91547346746571
56 73 24.842197389520884
56 74 70.67547812065149
56 75 33.969137857037175
56 76 77.91586404666717
56 77 51.04802797159961
56 78 48.07353272400356
56 79 52.534798048813876
56 80 41.87564406435069
56 81 43.17752147465741
56 82 35.63801377568218
56 83 64.50818148520062
56 84 53.76129680995912
57 58 72.49729490454999
57 59 26.403722676957784
57 60 38.53227186240834
57 61 73.3918934218242
57 62 48.78681820542685
57 63 89.84374968827711
57 64 31.41575087236795
57 65 69.38497699080091
57 66 65.19904916656448
57 67 93.98304256165908
57 68 46.18997441594737
57 69 41.62826864350038
57 70 54.815667486806234
57 71 56.341880092320665
57 72 35.65155563171924
57 73 86.85896619178676
57 74 87.083766814594
57 75 76.28027361982292
57 76 20.502993426972367
57 77 76.6039127180919
57 78 74.6412772084959
57 79 21.48067448252575
57 80 36.27395893074699
57 81 88.79119985152992
57 82 47.96246642819554
57 83 41.0249884253915
57 84 63.67802223301091
58 59 35.93290405862737
58 60 95.5300177901074
58 61 24.13211321201497
58 62 45.27309263638651
58 63 83.72212872642768
58 64 58.70156799467353
58 65 30.101194656004544
58 66 75.35982708855327
58 67 22.480290162582737
58 68 99.85569885315776
58 69 22.14809594922663
58 70 62.005781780878486
58 71 71.2717547581658
58 72 78.3015922479723
58 73 93.55818375884024
58 74 55.70173738168387
58 75 87.04364669836363
58 76 49.08523973486366
58 77 59.068638680555395
58 78 87.28643247398782
58 79 72.17382695066809
58 80 82.00000029063006
58 81 40.68983910867193
58 82 73.31175424959824
58 83 30.422829361263453
58 84 51.394459974364395
59 60 96.33051637599074
59 61 90.15631424510168
59 62 66.12119701455052
59 63 58.191102408502324
59 64 90.18178987138467
59 65 29.51763537796122
59 66 76.05216872909278
59 67 31.40285026734975
59 68 31.48450108690141
59 69 55.809885604839316
59 70 23.22458209280451
59 71 30.98776164957367
59 72 98.79486286827867
59 73 94.61612681220342
59 74 72.13389260864417
59 75 69.29582378143381
59 76 58.55381187754058
59 77 62.02418921590205
59 78 20.91153922012677
59 79 68.66757401240851
59 80 46.06981973571666
59 81 69.04115925062084
59 82 52.02403718816802
59 83 96.95427347450345
59 84 78.65467444494965
60 61 27.852318121228777
60 62 87.18041574367658
60 63 67.18689427843334
60 64 77.42200906012464
60 65 64.7013613141509
60 66 43.0710498871217
60 67 68.78494688595953
60 68 44.76305683142619
60 69 55.4048028827294
60 70 89.81316432233402
60 71 42.0789844445521
60 72 56.36937920408777
60 73 96.4445344842213
60 74 44.88530083489442
60 75 60.72340472137711
60 76 82.38488545433526
60 77 87.28786971343803
60 78 67.84368479579359
60 79 53.843175777695436
60 80 60.03213126919766
60 81 32.32646771067785
60 82 53.15925858657585
60 83 45.48491577540253
60 84 38.82243186865814
61 62 71.95247770539159
61 63 43.92302380698359
61 64 37.349876441234386
61 65 91.41262252271349
61 66 36.57784792275145
61 67 31.341952368678232
61 68 90.51406003089437
61 69 46.22322816599269
61 70 60.078357129223065
61 71 98.32692122937824
61 72 91.02469391413479
61 73 82.98852661306427
61 74 92.14196140948965
61 75 95.97505598038836
61 76 86.01676144716859
61 77 21.521876745319872
61 78 29.661169702981773
61 79 83.00570798672234
61 80 40.214811498877424
61 81 94.59126413508112
61 82 74.742595366111
61 83 45.1921664049383
61 84 43.0701245710923
62 63 80.00212824759629
62 64 34.43838302747813
62 65 43.284476345410326
62 66 86.52486766085885
62 67 82.63211841679258
62 68 83.81295924926346
62 69 67.22179708517444
62 70 87.85067009386766
62 71 79.62845255747875
62 72 97.95695704278238
62 73 82.74508288243504
62 74 21.004836806227658
62 75 27.292231821339577
62 76 28.960318085356427
62 77 28.796306733323984
62 78 77.39936678462995
62 79 60.52755529013598
62 80 25.010646961346453
62 81 21.985970490463522
62 82 90.58560539800531
62 83 31.097524250639133
62 84 26.78966731475036
63 64 28.098771449102014
63 65 97.36966546771042
63 66 22.006618289444965
63 67 23.843688330469462
63 68 92.4728761505588
63 69 28.410295636239972
63 70 84.23093274006396
63 71 38.93994365732358
63 72 20.106200942132695
63 73 29.033587646695167
63 74 39.30244649477157
63 75 37.55287373534731
63 76 22.800906601524787
63 77 82.74821774409116
63 78 39.89893433263678
63 79 90.92068494794873
63 80 80.36926245453915
63 81 99.4235272251284
63 82 21.838703861019102
63 83 78.17498183655323
63 84 28.792274997379046
64 65 24.94117877332865
64 66 31.426090641784103
64 67 97.07579217540157
64 68 70.54116571048255
64 69 71.85180078872975
64 70 39.78669289390653
64 71 72.72212678049821
64 72 83.3863606706158
64 73 92.32351678064839
64 74 74.26643118522865
64 75 24.273011142910317
64 76 48.39486049070977
64 77 99.7210685583545
64 78 94.66695976417984
64 79 96.9273830713147
64 80 66.60375414635645
64 81 23.477840500822353
64 82 65.58891011804661
64 83 53.79812271938314
64 84 54.59084207072558
65 66 51.50324564596899
65 67 50.90873021566285
65 68 98.97355890738478
65 69 94.55453046779252
65 70 85.88772187329634
65 71 54.3749545026194
65 72 61.98487161100797
65 73 85.58038094031421
65 74 96.58995044016231
65 75 88.62234325467756
65 76 49.89457558690937
65 77 31.50482768988672
65 78 25.515221612274352
65 79 97.11922173115161
65 80 88.97411923775725
65 81 61.122885545633565
65 82 96.7179460254052
65 83 65.68556584471642
65 84 93.37061837685253
66 67 34.538233269541024
66 68 51.06769480600847
66 69 40.41306271091126
66 70 78.72680679661889
66 71 98.72027466469046
66 72 54.3727302462597
66 73 21.070617692053784
66 74 90.98289455002273
66 75 93.09635037226974
66 76 58.976515031813236
66 77 58.13227690576953
66 78 76.37411884740322
66 79 20.628251776393114
66 80 21.326857750500974
66 81 67.95951451219273
66 82 46.89717996539403
66 83 62.748834797739676
66 84 65.78737607130046
67 68 96.96690266397995
67 69 98.86915221097878
67 70 47.94875675593747
67 71 42.25729828415644
67 72 92.56309010040803
67 73 38.07857418433998
67 74 87.46304250079726
67 75 57.92063698452126
67 76 54.44146582310349
67 77 65.97172512060828
67 78 23.30884650319227
67 79 33.84683732570622
67 80 75.46207077786329
67 81 96.87376538738404
67 82 29.20723884358143
67 83 85.88811358905585
67 84 62.474882344964215
68 69 54.86201556415499
68 70 22.77258647336855
68 71 52.83885948733637
68 72 62.76986702543952
68 73 76.84678033909529
68 74 96.273536908192
68 75 97.05369924710487
68 76 79.86575455348438
68 77 28.609847507872583
68 78 55.34466083593095
68 79 33.8663291255604
68 80 93.25942585090911
68 81 73.15921347670951
68 82 53.786741617915325
68 83 50.74025205414408
68 84 59.753821419573754
69 70 47.06781892890713
69 71 78.81805852559516
69 72 59.45287990708286
69 73 27.195633546725226
69 74 75.59686931227115
69 75 69.7194687441143
69 76 68.41890301046469
69 77 78.46357001184327
69 78 87.49487070003585
69 79 49.76052822537801
69 80 83.81933658930403
69 81 39.811055884321036
69 82 20.74607001375619
69 83 88.901021388994
69 84 33.46023674187242
70 71 44.213993687492696
70 72 39.2396979642523
70 73 87.71295613717656
70 74 37.83926576113282
70 75 92.5624963458022
70 76 73.59445044155297
70 77 36.1258418890604
70 78 34.34836294692005
70 79 22.71312679321045
70 80 34.77344228577952
70 81 84.40032616609524
70 82 50.198868694159195
70 83 45.41371150233126
70 84 41.216952075229116
71 72 68.06208207293257
71 73 40.84902881416909
71 74 88.97184608649519
71 75 41.247384247865796
71 76 35.0770548136597
71 77 20.47063259750427
71 78 51.064937788932085
71 79 27.781175879649496
71 80 99.97160353115588
71 81 97.50254278607818
71 82 32.61289759116502
71 83 67.92279857298126
71 84 59.97197926301296
72 73 63.36565595484315
72 74 96.05851650249646
72 75 52.870751322474334
72 76 52.34634648491193
72 77 47.283726549293554
72 78 99.81669539820257
72 79 41.68178551416002
72 80 66.39375411570377
72 81 95.93128475794906
72 82 24.492196681717104
72 83 47.4556818530326
72 84 83.92733345850715
73 74 89.19433683739007
73 75 34.262501499081985
73 76 77.9069939705279
73 77 84.24110773631993
73 78 91.14809637039707
73 79 73.3255413792175
73 80 49.08848427131641
73 81 75.92268476233599
73 82 70.72063403147192
73 83 27.816584932558808
73 84 25.756957373514922
74 75 45.938034600559334
74 76 22.998720877146592
74 77 82.61994834113881
74 78 42.563322542452454
74 79 62.82036839571706
74 80 31.7994046699241
74 81 99.52628844398711
74 82 57.99502102661485
74 83 46.16337326683808
74 84 35.53646357272467
75 76 31.97880618134631
75 77 87.05501052810959
75 78 56.32929878741969
75 79 20.671967626061356
75 80 86.24818552174615
75 81 83.82323959151452
75 82 46.33380408282646
75 83 57.473654047003286
75 84 86.99121101763305
76 77 74.65175444037259
76 78 74.75402012070433
76 79 64.88819610492108
76 80 26.465307872016332
76 81 62.18133358456918
76 82 22.614483804508225
76 83 98.00121838283427
76 84 27.459861448528365
77 78 46.32459392087252
77 79 36.171888264811365
77 80 64.5991858160092
77 81 53.57503680157474
77 82 45.72785072594699
77 83 91.50217324386094
77 84 53.27870559707588
78 79 75.07359485721112
78 80 39.18132167665162
78 81 96.19875724477089
78 82 61.7431016518137
78 83 65.54401548468677
78 84 48.17432022835786
79 80 96.8934816742592
79 81 47.99101329675531
79 82 43.0276380568629
79 83 23.002542310394098
79 84 82.83391319934651
80 81 35.36651265556066
80 82 41.3041739266507
80 83 97.00139000127096
80 84 85.747283041489
81 82 58.95877967530772
81 83 24.4947696491553
81 84 36.15277494561279
82 83 81.59877115267973
82 84 53.100460512061495
83 84 34.097285552317686
