75 2775
0 1 74.27744381021537
0 2 60.23664577803959
0 3 69.03016402667504
0 4 48.04654773522713
0 5 99.97550361381008
0 6 76.06102009255481
0 7 44.646754668093564
0 8 86.73378185374104
0 9 40.84957311533407
0 10 34.920519915739646
0 11 72.9303705508816
0 12 29.695149483390963
0 13 81.36355019234097
0 14 23.14344076812577
0 15 56.058342377373705
0 16 62.000355460884826
0 17 41.27665523681695
0 18 48.81773054717206
0 19 56.42839401619082
0 20 59.23195742142303
0 21 43.64286808442651
0 22 65.07816402201385
0 23 43.34961158376697
0 24 22.98712230713833
0 25 22.523228014768648
0 26 29.88596404978873
0 27 78.03853359784395
0 28 49.97412093227843
0 29 94.21046873012679
0 30 64.05341706885741
0 31 66.71587916906323
0 32 70.67821255121487
0 33 97.01178288510144
0 34 61.82202827569104
0 35 99.9460244991962
0 36 63.98121654051629
0 37 33.96504292574005
0 38 92.81598434069355
0 39 36.623271225662705
0 40 37.05137769704778
0 41 99.04640032053248
0 42 49.01303501387068
0 43 51.93667512214921
0 44 75.39691864468838
0 45 50.439032441671266
0 46 47.57379220200775
0 47 26.14152832501975
0 48 22.914756165510894
0 49 75.12537828935608
0 50 48.58754165958274
0 51 20.14884659616908
0 52 20.526714830361943
0 53 86.39296862398892
0 54 89.777713775175
0 55 65.95195053436949
0 56 58.81200159376449
0 57 41.82465210098506
0 58 91.87051732210334
0 59 62.1402085824746
0 60 42.392046855098556
0 61 39.918380295090955
0 62 22.519960012013833
0 63 67.74271665532419
0 64 40.84806458793037
0 65 58.41757687436748
0 66 25.518042954079753
0 67 90.91621303075458
0 68 83.21594526699343
0 69 63.19469325183947
0 70 86.81657061856042
0 71 56.998715462239204
0 72 46.946729361177766
0 73 76.870716895347
0 74 99.18511290664495
1 2 23.13985217413351
1 3 87.05085863915718
1 4 54.55498400261113
1 5 94.82445964681366
1 6 89.55870456957604
1 7 71.19187271268092
1 8 90.18212074827835
1 9 38.66785556998673
1 10 65.13018332800563
1 11 66.8599080323446
1 12 44.45666453613596
1 13 79.12850733577129
1 14 88.2214154990062
1 15 93.58516378108706
1 16 36.8202045953224
1 17 48.56805119694917
1 18 29.41943622841629
1 19 50.56308806461189
1 20 81.21314659546603
1 21 41.52243284496555
1 22 24.21526814387617
1 23 91.22397971109267
1 24 48.665205028249446
1 25 33.1664817064793
1 26 66.52823323330759
1 27 79.58655619736138
1 28 86.62650781611555
1 29 96.52024765801268
1 30 32.26233793557472
1 31 70.78151346508871
1 32 32.12517703475142
1 33 66.33334544005787
1 34 65.61506666933191
1 35 39.97313268320803
1 36 74.1751033452153
1 37 79.16520690162226
1 38 69.41146063325263
1 39 99.42625630059658
1 40 48.94493156992872
1 41 95.41822480649893
1 42 43.578652976067914
1 43 73.09878387586534
1 44 54.63446604775922
1 45 45.38724491402491
1 46 42.637753714533886
1 47 66.14686567312452
1 48 68.7516069430474
1 49 94.04787899172217
1 50 22.86561773347352
1 51 68.95433126266411
1 52 58.74443782123119
1 53 82.59978593650021
1 54 20.39936772322152
1 55 49.32544509467024
1 56 85.4718776713404
1 57 76.09903154422027
1 58 43.615906972384494
1 59 58.99818463848114
1 60 32.39040457289673
1 61 35.371734860760625
1 62 44.90153337215581
1 63 31.1536559606183
1 64 93.90278621745085
1 65 42.92960349294049
1 66 74.10848448715697
1 67 82.62087832228879
1 68 29.14407047608738
1 69 50.85781101881214
1 70 23.501959603073246
1 71 84.85029075971974
1 72 30.5547751492566
1 73 54.38476149159504
1 74 64.31819907186448
2 3 71.39481811696646
2 4 99.41786028809514
2 5 22.007871510914192
2 6 84.22630008484313
2 7 64.58004524273417
2 8 77.75718536468499
2 9 80.22247233789622
2 10 38.68461489115503
2 11 47.8283336586282
2 12 82.77562213849623
2 13 92.80842260386399
2 14 71.72424437175158
2 15 66.8693478727947
2 16 57.83660116663598
2 17 66.99044081182392
2 18 46.55407690210741
2 19 40.766810793427545
2 20 81.65790677124656
2 21 81.31863557808998
2 22 37.19340746530138
2 23 78.62204574525737
2 24 83.08208182412069
2 25 85.13083239380893
2 26 58.82009944415628
2 27 50.61434895282899
2 28 26.147444455157654
2 29 85.75334762446117
2 30 64.91101989023731
2 31 77.73225284602732
2 32 44.0090947529375
2 33 99.50438835542005
2 34 63.52724283920835
2 35 81.05170865048783
2 36 39.40516538029079
2 37 29.069755941734652
2 38 46.0891420108714
2 39 59.17087687337751
2 40 23.152184294327363
2 41 42.80084113952263
2 42 20.55383536553191
2 43 70.59231166752305
2 44 95.61027916397215
2 45 42.77897894949191
2 46 99.10949679452179
2 47 31.697312359169025
2 48 77.84574303123817
2 49 42.409741687248605
2 50 83.17515165947492
2 51 43.65788632504456
2 52 70.29758957262351
2 53 78.65023116792784
2 54 91.69496661473082
2 55 31.162346556718603
2 56 63.84656565412672
2 57 32.68556123365558
2 58 67.39579492624618
2 59 47.78392233094338
2 60 45.965757909286545
2 61 63.70343280060811
2 62 20.004920622769042
2 63 29.348777575849567
2 64 24.878632471319044
2 65 90.25841362099769
2 66 40.338650228711394
2 67 61.03048525388431
2 68 76.93791121829564
2 69 59.62669440916004
2 70 65.47549944122227
2 71 78.49622126780822
2 72 45.70332968762797
2 73 94.8994872327035
2 74 55.75751609790666
3 4 48.46253269067194
3 5 90.96025082738718
3 6 57.00612273554146
3 7 68.7624372796645
3 8 55.365330609856215
3 9 80.05278441432552
3 10 95.73590480124096
3 11 67.29126768414034
3 12 33.51860234986137
3 13 27.15130725761324
3 14 24.332486544681473
3 15 20.337143360042205
3 16 32.641230689348305
3 17 57.761358888958334
3 18 23.181862459453768
3 19 31.350456414649663
3 20 95.21415553799821
3 21 33.80353596199644
3 22 89.12685178682898
3 23 32.7908403104195
3 24 93.59209455085019
3 25 80.22196748940394
3 26 32.630332800964716
3 27 29.939667684948688
3 28 35.9905125077951
3 29 98.82794448085598
3 30 54.286420804426726
3 31 94.07486041778458
3 32 26.14475807572223
3 33 97.39952138887094
3 34 40.29597890354836
3 35 70.22990137132129
3 36 31.249385199518052
3 37 60.120597147461794
3 38 31.323835200464725
3 39 94.23848837554571
3 40 39.083467967548586
3 41 64.40686334550446
3 42 88.71944282874733
3 43 21.651008265987457
3 44 69.83841316337958
3 45 80.96801792775051
3 46 91.31464467497045
3 47 90.59750507589578
3 48 56.02899457078985
3 49 85.17113607841577
3 50 86.03763136720177
3 51 91.33813671789703
3 52 69.51782329177334
3 53 97.47806990891607
3 54 38.48145517777557
3 55 22.17265345682727
3 56 74.94675247911192
3 57 92.57611234559354
3 58 71.42127906844864
3 59 88.06014165066108
3 60 59.40727155489632
3 61 89.85237758708064
3 62 51.974367746276485
3 63 29.560802048770583
3 64 24.168094550178836
3 65 62.927362548753266
3 66 99.7639354393175
3 67 70.95886983005708
3 68 56.28530526594845
3 69 62.870911487339725
3 70 45.05785176970371
3 71 40.73662427633494
3 72 72.72716409917055
3 73 99.06632750218071
3 74 62.676837463713404
4 5 57.34167630560995
4 6 55.62204245477388
4 7 55.08640467059778
4 8 86.78451486308022
4 9 74.8050553925603
4 10 49.248218780933314
4 11 43.62274513538027
4 12 21.756875764368033
4 13 84.47401682135825
4 14 23.691847202650045
4 15 89.58209056464136
4 16 89.23028468698136
4 17 81.00532856389404
4 18 98.97979938467299
4 19 78.45569652769925
4 20 68.43445684375259
4 21 34.25638488213487
4 22 37.92508940210467
4 23 81.27964372061386
4 24 89.52330164084064
4 25 61.57415698878176
4 26 23.963784309524954
4 27 69.25848390423073
4 28 94.49485789381943
4 29 89.59656958816831
4 30 78.84463548076215
4 31 80.31093793102659
4 32 40.48769605978538
4 33 58.89470971431962
4 34 23.247441863851606
4 35 88.30506449303225
4 36 53.872487496341975
4 37 22.7991561524885
4 38 55.3988610165097
4 39 85.01828790287624
4 40 86.00317005137157
4 41 37.14630709266372
4 42 80.80904931232132
4 43 57.66889538363054
4 44 35.2592049415602
4 45 59.50318833096191
4 46 64.95840391757824
4 47 37.05398144483787
4 48 29.623021399999637
4 49 63.10722014823294
4 50 66.12358661904253
4 51 78.67061860998241
4 52 36.054242535187385
4 53 76.58543662777575
4 54 90.41470391358013
4 55 33.3819447140195
4 56 58.17765318674305
4 57 55.2001036216417
4 58 62.438259885238395
4 59 58.863767542508086
4 60 72.12061993389625
4 61 34.07420415051136
4 62 87.91975803597526
4 63 76.21647714682643
4 64 73.603900301173
4 65 70.23962985908187
4 66 52.692965687254336
4 67 58.06442267727597
4 68 20.1833657977836
4 69 23.538144329549688
4 70 39.985969522915596
4 71 33.48753695760904
4 72 49.118821564261125
4 73 95.46460356754974
4 74 77.15368430240024
5 6 90.31576197316585
5 7 34.69779382963544
5 8 26.949605592936177
5 9 64.39776083959501
5 10 88.3167523688702
5 11 40.436505987884
5 12 56.286048586346595
5 13 96.92869988759175
5 14 75.62103931523863
5 15 74.42873805312882
5 16 32.23267426442749
5 17 50.639196760374254
5 18 79.58784487644888
5 19 70.19993741149679
5 20 41.864588627873374
5 21 34.5421147897021
5 22 57.74810417617353
5 23 35.86144413516925
5 24 69.84628130741426
5 25 48.54809191277301
5 26 74.9788972887875
5 27 76.20412714836955
5 28 74.78501165176765
5 29 88.59827655925771
5 30 84.25797015506123
5 31 36.53646417931975
5 32 22.944399688058674
5 33 80.5142322709773
5 34 37.85444217370027
5 35 97.39098511295884
5 36 23.521362146439326
5 37 58.134991378883115
5 38 20.083134095988314
5 39 58.6130614696766
5 40 20.794926543248362
5 41 73.62464043133002
5 42 75.84793055422318
5 43 92.29493113692949
5 44 20.94881470328434
5 45 93.1327844953157
5 46 59.59897204630256
5 47 72.5696751616153
5 48 70.59826794245585
5 49 95.46147425511674
5 50 59.08205256878521
5 51 61.95284201939476
5 52 65.63633444396001
5 53 38.31893071736532
5 54 94.1416872044594
5 55 41.84917618156784
5 56 40.63408380685534
5 57 27.348493671306507
5 58 94.24498396033522
5 59 29.11720437502721
5 60 59.94323265209685
5 61 23.73167867277541
5 62 47.18817828558671
5 63 91.43647093713135
5 64 20.023812651367344
5 65 97.98543374001792
5 66 86.03298186728424
5 67 91.14017734854312
5 68 65.40818178151063
5 69 34.66367392376786
5 70 24.869283814227103
5 71 98.96693318190005
5 72 76.40756735913138
5 73 57.48569819709807
5 74 64.12850884609156
6 7 76.02974982918141
6 8 74.73918332619269
6 9 32.70789926156666
6 10 88.20294408176179
6 11 93.53462210927215
6 12 20.64018295881576
6 13 90.889920099444
6 14 55.93501348555464
6 15 30.426435280007567
6 16 33.321738348444796
6 17 24.836596460687097
6 18 23.308866363007688
6 19 86.79066338639653
6 20 54.431510067440556
6 21 97.40531586998928
6 22 66.03254904559049
6 23 33.115523303179366
6 24 47.31757339888588
6 25 92.41746663108509
6 26 77.19655020524036
6 27 20.929572167623594
6 28 22.95425105308051
6 29 48.001960499615954
6 30 97.05065924326672
6 31 87.85551167746218
6 32 97.35758956785006
6 33 22.203191083708596
6 34 72.5252090548517
6 35 34.20410583163789
6 36 47.158248535696615
6 37 99.59624641281528
6 38 95.27341367789225
6 39 44.18859997821844
6 40 27.80423571788085
6 41 98.22760946405884
6 42 20.139702888487847
6 43 55.30349449406613
6 44 83.11940958447582
6 45 43.84428000746422
6 46 35.77953799177665
6 47 23.542135163143794
6 48 21.254384152423455
6 49 87.03926397621687
6 50 60.43213716872575
6 51 63.32829925782082
6 52 33.473582132127355
6 53 27.10680113956533
6 54 67.59805100263608
6 55 97.85709377945861
6 56 22.42492080446131
6 57 42.96951086101532
6 58 78.72698606329298
6 59 33.19489564707575
6 60 66.02392755052846
6 61 28.326228557478707
6 62 34.054343392571226
6 63 22.491065269351882
6 64 74.2079405663767
6 65 98.1509116223948
6 66 29.382232447092854
6 67 48.60442627148686
6 68 76.04789271056835
6 69 62.69318461962889
6 70 62.12509329433169
6 71 23.48728057487218
6 72 62.8195563892896
6 73 92.04154881735246
6 74 22.575338877192497
7 8 74.02142068037732
7 9 92.82154671305537
7 10 32.832762673034146
7 11 21.128169913306802
7 12 67.12963907232343
7 13 31.487494263710573
7 14 74.23952882563393
7 15 28.088899730766226
7 16 52.55417752568959
7 17 65.87618382650865
7 18 22.87223519718596
7 19 91.61883945005951
7 20 66.25140695864228
7 21 48.597855973253495
7 22 26.213933428860948
7 23 52.508235034449264
7 24 45.50487092410822
7 25 49.88416997219864
7 26 71.71935075729782
7 27 96.62335447042197
7 28 57.45081320513538
7 29 32.02347168948812
7 30 44.3962836324784
7 31 63.80176182863069
7 32 83.82089444031021
7 33 32.11504205982341
7 34 56.10758272782987
7 35 61.83288977541926
7 36 62.97437248446948
7 37 43.16370204546522
7 38 82.45943143841572
7 39 38.574242078480374
7 40 81.10729695189602
7 41 33.76310652985099
7 42 72.14127259798838
7 43 70.74585210612312
7 44 36.089729183607524
7 45 30.448686967594682
7 46 49.91611031853853
7 47 30.283066192679904
7 48 45.0266018036624
7 49 63.455959442403426
7 50 75.83782035829175
7 51 79.47681637561487
7 52 66.16933670880655
7 53 80.99442334405221
7 54 44.724175869955836
7 55 43.53589214355231
7 56 30.410735632457595
7 57 57.7088337809018
7 58 64.82361677488863
7 59 37.53084783735549
7 60 97.185065250373
7 61 52.46236800575265
7 62 35.411026219783956
7 63 61.71255111837438
7 64 86.6047884631635
7 65 47.91048856275599
7 66 62.37870385643116
7 67 26.505641210440174
7 68 71.89653409376155
7 69 62.700846620550564
7 70 36.580075429355915
7 71 28.741234773806703
7 72 45.44493721210708
7 73 20.001095316569533
7 74 36.24879455996031
8 9 31.575403081074338
8 10 99.78987753393847
8 11 77.70692425469437
8 12 94.14339970968194
8 13 66.74782857033352
8 14 66.72900283634476
8 15 76.37937674752106
8 16 79.14964414378372
8 17 62.958822462605646
8 18 47.1512080933178
8 19 68.10548970464484
8 20 40.80116938825637
8 21 97.16631721941967
8 22 62.20197376432499
8 23 97.79508182823072
8 24 91.01740691018693
8 25 35.013909522977315
8 26 47.494192682295576
8 27 36.870558724710534
8 28 93.748006719732
8 29 68.39442937687983
8 30 24.551378388300876
8 31 29.894861492696315
8 32 88.4346135576837
8 33 39.145649092997836
8 34 40.2078514478974
8 35 37.00777344777027
8 36 37.681249603360556
8 37 26.35985749876579
8 38 20.20945442281424
8 39 36.26553456825029
8 40 34.32181267147307
8 41 43.59427131688496
8 42 56.272127021708414
8 43 53.85768510422054
8 44 63.6554710974653
8 45 81.82355830818713
8 46 20.782183126040348
8 47 69.19143571278113
8 48 78.24129759592176
8 49 39.472757630403606
8 50 83.6062523724916
8 51 82.89940311903136
8 52 25.46386492725177
8 53 98.78095907552832
8 54 20.11105681175807
8 55 38.276698140665076
8 56 74.40804166045379
8 57 72.25295207262728
8 58 69.3659036650821
8 59 53.92030947848283
8 60 73.29885583972867
8 61 44.71419800913016
8 62 26.610649318640238
8 63 67.82350425833192
8 64 76.42745665725236
8 65 92.58406874132976
8 66 56.67296673453506
8 67 98.09251695453341
8 68 25.976836336825837
8 69 94.84709665521238
8 70 94.90937123646506
8 71 54.37860087051317
8 72 89.1113238612761
8 73 69.94086914910366
8 74 44.9555501426105
9 10 81.8589653918502
9 11 59.21807652562538
9 12 36.56802696053483
9 13 36.705683265832356
9 14 91.57394810560469
9 15 46.08123036249174
9 16 81.64605906258382
9 17 24.458444839787965
9 18 98.34440701801552
9 19 80.55214471866606
9 20 70.76256336045306
9 21 67.63095990618754
9 22 87.67331521805053
9 23 55.59789754228564
9 24 45.89105131041325
9 25 77.33764574583758
9 26 58.806793934910935
9 27 98.82134860744459
9 28 83.15725198007081
9 29 79.58697084238138
9 30 28.454348567498684
9 31 81.30927315227046
9 32 76.72675797842399
9 33 77.75509327035522
9 34 77.31334398533559
9 35 32.74473093665375
9 36 40.79137979793743
9 37 44.60759436948935
9 38 35.22015137865276
9 39 25.215066617046375
9 40 62.7230346527145
9 41 78.63939114029893
9 42 85.24696140152962
9 43 65.05247378564462
9 44 82.45724488854108
9 45 77.84687058384283
9 46 57.05736989908475
9 47 37.459702630735094
9 48 95.62179947216043
9 49 86.39969246837575
9 50 61.90399927505599
9 51 90.57393687324361
9 52 74.36601423906677
9 53 51.02686442713774
9 54 35.966575870250104
9 55 33.59014337979854
9 56 70.56898381870923
9 57 64.94181708274914
9 58 52.94013401197936
9 59 67.34470186680795
9 60 44.16209163269479
9 61 95.51794153831536
9 62 20.676549129011033
9 63 82.49326667497044
9 64 73.62107750040315
9 65 86.10517346763092
9 66 48.616540727164946
9 67 73.85016121328646
9 68 94.07366524875002
9 69 20.6449704422537
9 70 45.37057147022523
9 71 96.75610644349347
9 72 85.46130964276925
9 73 66.311893655988
9 74 21.85764353774627
10 11 24.23890179521799
10 12 86.51864516917851
10 13 88.92760817174471
10 14 25.62804479057536
10 15 20.195172521131973
10 16 26.303560812056972
10 17 26.72498920744087
10 18 84.43948793347026
10 19 98.02383194678283
10 20 52.92918143489992
10 21 74.71151513395611
10 22 89.93469338355601
10 23 37.17402947471115
10 24 61.78517402203802
10 25 52.65077449817014
10 26 51.14799221711241
10 27 67.66318497007882
10 28 33.90811648184665
10 29 99.72646162466245
10 30 49.42977418048148
10 31 99.4552029848528
10 32 56.288733498630165
10 33 65.92857292205721
10 34 61.59258524148502
10 35 46.75841316728245
10 36 84.00887373880175
10 37 76.20351853876292
10 38 23.987540334142736
10 39 71.49446801002276
10 40 24.57884673954201
10 41 96.1822331160622
10 42 96.04857087591374
10 43 67.76782125430593
10 44 68.99572499110943
10 45 99.35887304506898
10 46 96.31516875271952
10 47 38.51187885552724
10 48 84.21178579515481
10 49 60.394801459164064
10 50 34.39189511714637
10 51 78.20047677030081
10 52 46.90032798577299
10 53 92.49301050524318
10 54 74.37854498230757
10 55 62.35281358499316
10 56 73.98615792695735
10 57 77.51160058679602
10 58 32.30575963265244
10 59 45.93562474686199
10 60 91.304678492954
10 61 76.90571337821581
10 62 61.932082590816925
10 63 90.90047288988507
10 64 52.599609768151964
10 65 38.30891226126652
10 66 65.6392752009956
10 67 85.70215875000414
10 68 81.54242230799498
10 69 26.568146895892795
10 70 84.7638059402536
10 71 20.10747412030698
10 72 48.99214946694823
10 73 97.25384794091018
10 74 90.52027359437616
11 12 81.67576658008278
11 13 38.51841818039255
11 14 43.10259239556168
11 15 61.735213549182916
11 16 42.46226426508297
11 17 30.981126216267334
11 18 95.84919801076231
11 19 83.55055989567315
11 20 37.51049209313871
11 21 93.35602022907456
11 22 25.831307783270596
11 23 88.67585231997896
11 24 34.302717042093974
11 25 65.26658967915358
11 26 38.64729730513303
11 27 81.43003587344896
11 28 70.2597145086304
11 29 36.04216332751229
11 30 90.15327667957634
11 31 99.89703499849747
11 32 98.2886845102073
11 33 56.09087096295689
11 34 71.70506954625561
11 35 61.38792718083469
11 36 42.28283712482627
11 37 78.79587882488799
11 38 44.97708456264856
11 39 78.30117776182672
11 40 43.0720011386072
11 41 35.17353425196444
11 42 62.55303559161387
11 43 21.06055776007964
11 44 36.058505051337015
11 45 49.59645687014606
11 46 50.76018336678648
11 47 75.48072849191993
11 48 63.29832353112004
11 49 71.50110488189631
11 50 81.42542621219236
11 51 36.11125661739501
11 52 44.950207706380084
11 53 91.58996743950007
11 54 96.38241407350974
11 55 84.77605588534755
11 56 44.34346010158492
11 57 39.01802527124058
11 58 92.67868579635946
11 59 42.62603192215215
11 60 35.21017775908711
11 61 92.74734336939693
11 62 29.972188100921294
11 63 97.29800338909124
11 64 20.306678692355142
11 65 25.54782455686783
11 66 75.87421419673962
11 67 95.10117109797153
11 68 92.80238768745578
11 69 33.305185486338765
11 70 26.302513262997273
11 71 81.68747698394091
11 72 71.01768827594547
11 73 69.54152062462927
11 74 20.454844698739674
12 13 51.0863202674927
12 14 78.16838471989723
12 15 22.2841294899351
12 16 92.10953747043874
12 17 31.066633718254508
12 18 48.69037743252782
12 19 88.97799791713511
12 20 38.29574892656502
12 21 84.32461421411271
12 22 63.824208174732476
12 23 94.205127108977
12 24 78.45357179754336
12 25 34.46623721244226
12 26 96.75534465693093
12 27 88.31301287851011
12 28 44.90986825646151
12 29 79.00122011054319
12 30 80.49105600954283
12 31 47.48291429920202
12 32 36.07021672185801
12 33 28.444510761128807
12 34 71.95047883440412
12 35 49.03563588597203
12 36 45.07308976764457
12 37 59.050762280031435
12 38 50.30353493185855
12 39 68.22448679009402
12 40 85.84896512649965
12 41 42.06236363197731
12 42 25.741331549987745
12 43 50.70911588547606
12 44 94.27523142994445
12 45 53.041557703341354
12 46 24.253728073138294
12 47 39.126237807657134
12 48 62.075334534290995
12 49 34.00048013571727
12 50 95.07121125043435
12 51 38.86799788209586
12 52 44.57032263737556
12 53 32.913569972425414
12 54 83.39151335881668
12 55 44.551302787566264
12 56 21.178220853724284
12 57 59.188230562854756
12 58 70.08426407733856
12 59 92.00483583440204
12 60 35.95137627750845
12 61 37.477885720140264
12 62 93.07000261201061
12 63 73.08822905060923
12 64 59.52679375383609
12 65 54.06751649093625
12 66 91.02753145869339
12 67 49.749814154981536
12 68 74.29559478724485
12 69 64.24479283660256
12 70 72.83644619784302
12 71 73.97217290851546
12 72 31.224142988559134
12 73 50.3836897285649
12 74 37.91781150566262
13 14 52.26470489129335
13 15 42.88275657447883
13 16 51.536029452339605
13 17 56.4881243318985
13 18 92.4422316703017
13 19 53.75351547988588
13 20 60.313310342076214
13 21 72.83382900731061
13 22 40.259719455151256
13 23 31.364284251804637
13 24 34.75667803562524
13 25 95.32436960845956
13 26 71.68424976446596
13 27 51.03521959819017
13 28 92.38674339579116
13 29 62.083596476664155
13 30 78.68748966417024
13 31 97.63028485537549
13 32 54.749000564008945
13 33 82.67338915105302
13 34 28.095806426596575
13 35 48.932372588213646
13 36 87.49266395790706
13 37 42.11202130577873
13 38 51.38297835729128
13 39 58.19813546066407
13 40 51.212299113691586
13 41 76.00363356466411
13 42 44.44745033428368
13 43 70.60621240325673
13 44 40.73553478517635
13 45 36.21724895030249
13 46 51.00366335711008
13 47 99.80821303033737
13 48 99.96625844845718
13 49 58.16825247619802
13 50 94.66296675371933
13 51 73.52568817848925
13 52 92.24363008478807
13 53 91.62162088566933
13 54 20.62562467679358
13 55 26.534839693855616
13 56 79.21636083216127
13 57 87.5487864586616
13 58 82.56592251148476
13 59 21.326633181204055
13 60 51.25727897858846
13 61 78.1218377876321
13 62 41.30776087351428
13 63 74.11923120622598
13 64 34.220126095749556
13 65 79.97442404177846
13 66 57.9019948399364
13 67 21.88611656373193
13 68 51.609458882503574
13 69 62.58850463677008
13 70 69.4507878493847
13 71 83.89591741018452
13 72 20.100743166505115
13 73 62.81819498496464
13 74 91.69387879754554
14 15 71.7830303453315
14 16 91.70670488025286
14 17 90.86992334172778
14 18 42.4078098199806
14 19 53.007283469514476
14 20 49.37321263445874
14 21 98.11319011019754
14 22 74.88822963316335
14 23 97.31741008114992
14 24 81.76301807857544
14 25 49.62891874353698
14 26 68.06894777379554
14 27 97.97600645901029
14 28 74.4742631727002
14 29 21.325790933258617
14 30 96.07771812145445
14 31 38.20311394951026
14 32 28.524565898273764
14 33 21.290561054354598
14 34 24.75982049645415
14 35 30.605115922731674
14 36 68.03245228814289
14 37 88.26987071277883
14 38 55.29109555869209
14 39 80.0316223123237
14 40 67.93599064233389
14 41 85.03474379093645
14 42 57.32124667473169
14 43 27.44444768810327
14 44 35.8460840664292
14 45 56.664805266796414
14 46 58.46463361027113
14 47 48.231041631907146
14 48 57.157154954408036
14 49 76.58597235028792
14 50 78.84896851420103
14 51 45.95887033691306
14 52 92.71692009809064
14 53 46.29074832392983
14 54 64.05275523215272
14 55 52.229046933449595
14 56 59.03884674263586
14 57 32.108785952660206
14 58 67.93846388289835
14 59 99.11447261476157
14 60 74.76943049060891
14 61 36.5833760388484
14 62 71.95766776127532
14 63 27.749811195473875
14 64 37.34544559220139
14 65 98.33930946650636
14 66 97.54218840004414
14 67 45.89748192762954
14 68 76.02519961890377
14 69 49.32719844013168
14 70 75.32014889158891
14 71 51.97400871120724
14 72 96.15537535961212
14 73 86.93168585826345
14 74 87.77314260469781
15 16 45.83581875164228
15 17 65.26514845130409
15 18 93.13851662070925
15 19 44.288646105096404
15 20 58.32501295291415
15 21 79.12318343653051
15 22 45.164710878493565
15 23 84.00686729871197
15 24 22.277677827598296
15 25 64.97273239156678
15 26 30.942067793438433
15 27 98.93436823509938
15 28 89.71365865174403
15 29 20.74088609767509
15 30 31.67085240519168
15 31 34.96547330681607
15 32 55.331005755009414
15 33 36.48683889770971
15 34 35.07359967120662
15 35 65.41891857290938
15 36 71.40587038835591
15 37 77.69942464062655
15 38 83.98199948826547
15 39 97.08436370119895
15 40 85.95958197448857
15 41 25.837425503022857
15 42 22.01219625235634
15 43 98.23089853165817
15 44 99.61978295380061
15 45 40.36476655995756
15 46 43.8481333615036
15 47 82.21391601127405
15 48 99.87654749101709
15 49 71.03532588637748
15 50 77.20340689238455
15 51 38.14267440315861
15 52 50.580074562019604
15 53 71.51678492773996
15 54 91.06526945254612
15 55 41.979413293632305
15 56 86.53891693718356
15 57 88.76851836473776
15 58 86.51805070111321
15 59 67.27177844247795
15 60 83.54804852222718
15 61 57.38613205848392
15 62 77.84743045160218
15 63 90.61322732968276
15 64 69.26621592417933
15 65 51.033487568581116
15 66 63.49658925337913
15 67 64.3697872633482
15 68 41.26131628205457
15 69 79.45591118476486
15 70 98.47797918483104
15 71 61.57189488938055
15 72 33.781041158590135
15 73 62.28939368429852
15 74 66.46238932487331
16 17 29.0054797133537
16 18 63.20075442390214
16 19 37.6085020518192
16 20 74.35465498269755
16 21 65.10106833647453
16 22 86.7831301342045
16 23 80.29267194783333
16 24 86.68253192851601
16 25 88.02389909598921
16 26 68.50808315468336
16 27 72.78578477320374
16 28 79.92840588981531
16 29 89.77286568339436
16 30 85.63305431185992
16 31 43.804904791867074
16 32 44.109569083113946
16 33 24.60748001098544
16 34 59.45089150143639
16 35 86.48048586589098
16 36 39.976650814410704
16 37 70.67755249380664
16 38 88.10070489621933
16 39 50.369250749370515
16 40 46.83010429387211
16 41 96.09711686510097
16 42 99.12830671062216
16 43 87.6764234077899
16 44 47.55777390750039
16 45 75.2433977236388
16 46 76.08172443545608
16 47 29.439769930301694
16 48 44.16034925059347
16 49 84.99160431264266
16 50 46.55008838829176
16 51 62.99421768853872
16 52 72.62328508718814
16 53 94.07021403998232
16 54 79.96792263126572
16 55 22.966617824521627
16 56 40.88119444233413
16 57 65.76645734653908
16 58 25.784027625774186
16 59 74.87511721005407
16 60 21.207818386966704
16 61 46.49200302696637
16 62 40.124833739854786
16 63 66.15384351205259
16 64 88.25714086870971
16 65 41.613657252554745
16 66 68.2579338417774
16 67 80.90901657997362
16 68 76.08865557903364
16 69 46.54789964070733
16 70 85.59360517665002
16 71 79.96490220298966
16 72 47.48430293903765
16 73 65.44761117200943
16 74 60.33850272093574
17 18 51.23800336986128
17 19 90.4463856521192
17 20 46.245079673434184
17 21 34.000735180573
17 22 72.89602773402588
17 23 53.56769965676704
17 24 50.04463131816617
17 25 89.59159074416561
17 26 45.84840755284236
17 27 58.2388610121868
17 28 80.83201929096609
17 29 84.30592033308085
17 30 22.88415624254374
17 31 38.29628186220206
17 32 47.718931359602436
17 33 25.511899718362816
17 34 28.078335554983678
17 35 84.46754320102086
17 36 48.8086095692487
17 37 40.51940782549699
17 38 72.42837294476065
17 39 28.680661998545656
17 40 77.9784605843922
17 41 70.94114424491069
17 42 23.788059168684406
17 43 67.74452660588156
17 44 82.45009654375167
17 45 26.770191118696374
17 46 92.42165211388442
17 47 29.18735876033135
17 48 86.21720327473922
17 49 88.45579449165135
17 50 57.574557078269244
17 51 72.66488455429712
17 52 65.83257963536528
17 53 24.736156521693875
17 54 76.56877607768996
17 55 26.280820818994126
17 56 77.5399976253816
17 57 36.04389352814562
17 58 34.21616727033126
17 59 41.85221377889222
17 60 45.16558089704109
17 61 46.537189953320926
17 62 44.54361479208548
17 63 89.88004909344406
17 64 74.26271255330633
17 65 76.09887156136392
17 66 65.69094293480224
17 67 90.92455140465795
17 68 85.0124296082254
17 69 59.53017614813262
17 70 43.17190204390455
17 71 47.45099701272431
17 72 54.64291108671717
17 73 32.04844174821303
17 74 90.98292942642605
18 19 89.30410779408166
18 20 73.25293302214945
18 21 86.80691409671068
18 22 88.37491836315064
18 23 40.046447039994234
18 24 88.40230973898247
18 25 67.7696636439434
18 26 63.26315930666864
18 27 57.69297362310873
18 28 82.01535144032327
18 29 69.72452633421835
18 30 71.58477796243648
18 31 97.95183758057684
18 32 29.593798017683426
18 33 52.44649525338825
18 34 42.22449064788053
18 35 62.8896167519586
18 36 50.31170715036522
18 37 78.48131412088597
18 38 85.2184087697148
18 39 58.10239127337937
18 40 64.4674532132079
18 41 27.04279317483416
18 42 54.764517140358734
18 43 77.63351180383711
18 44 73.12427824414635
18 45 28.759079940981067
18 46 50.019326862133184
18 47 85.95365445145534
18 48 56.75579169360877
18 49 28.386204519875122
18 50 65.90103772838408
18 51 37.82089750013619
18 52 69.83964090829198
18 53 80.7544612532335
18 54 97.43217072322867
18 55 69.58960842048515
18 56 21.35533550056577
18 57 68.50664975237848
18 58 37.38687679502827
18 59 59.13762733790418
18 60 52.68521218265184
18 61 69.33600240591761
18 62 53.49366611480935
18 63 85.33807207568555
18 64 61.1287693016503
18 65 99.91637037696258
18 66 80.1775066840938
18 67 20.730262215467814
18 68 36.70603924859609
18 69 28.454685270562514
18 70 34.59988770631717
18 71 37.82731824211847
18 72 75.95243229747142
18 73 96.17790794971131
18 74 73.14586066990157
19 20 23.286011759710014
19 21 80.88962013910657
19 22 24.111873427166877
19 23 78.94783780648231
19 24 91.21502318700203
19 25 73.39531422897522
19 26 96.67285280229297
19 27 70.97087492743321
19 28 78.67539470021549
19 29 94.50399950340955
19 30 68.77291731557729
19 31 89.17993233313959
19 32 63.73650135537835
19 33 47.18453505766598
19 34 74.22644398175831
19 35 52.61826191288597
19 36 85.88359538995796
19 37 91.55652491043142
19 38 27.555255225489432
19 39 99.50415327406475
19 40 74.65570684256666
19 41 59.21286942811871
19 42 57.287688824154316
19 43 59.65345864043795
19 44 36.45285159508901
19 45 43.64739164118951
19 46 28.025701968659966
19 47 66.58115475039915
19 48 46.915848323403466
19 49 75.01806520844183
19 50 41.04338166306685
19 51 97.82648101144625
19 52 48.06244060552615
19 53 82.60403143424298
19 54 25.744342869386205
19 55 99.34624433195206
19 56 72.36387661558962
19 57 39.66273036074723
19 58 27.447707828060928
19 59 29.02602155312585
19 60 21.444752346050944
19 61 49.14345772236315
19 62 40.06923079840962
19 63 92.71375614333279
19 64 72.69869155518114
19 65 59.1973785410204
19 66 92.55500017198871
19 67 94.76529015302562
19 68 94.72386950656488
19 69 85.57829207276524
19 70 44.381917002843934
19 71 62.339478313418866
19 72 58.584884750996395
19 73 79.58650783523164
19 74 53.971584601789424
20 21 38.484131402064136
20 22 92.8982011352372
20 23 27.6474996520151
20 24 64.84004181411817
20 25 89.48955325326719
20 26 37.53612686740921
20 27 88.11395715310081
20 28 36.34951642721453
20 29 69.77086531197287
20 30 20.710855743925123
20 31 38.19110122097844
20 32 61.09425214213145
20 33 20.25422285971798
20 34 38.64863351342922
20 35 28.294906589752724
20 36 87.17013370008594
20 37 59.027234913422085
20 38 27.496930219962792
20 39 46.336591931240456
20 40 53.60945859957779
20 41 68.42895353766313
20 42 24.70240465073318
20 43 53.807625234156056
20 44 20.249059652048842
20 45 29.804386127147808
20 46 29.87164321519975
20 47 38.74042284055104
20 48 51.06793926017072
20 49 92.62860467973086
20 50 50.784737193143684
20 51 22.816263247326916
20 52 90.4719635697448
20 53 49.088443162014585
20 54 40.63795906716805
20 55 83.33402368323543
20 56 23.702140882174064
20 57 51.61748097638718
20 58 26.725831780717613
20 59 48.15640220054253
20 60 36.339335143296765
20 61 77.47349397723094
20 62 66.38817168101255
20 63 24.773734293057643
20 64 90.54161543636089
20 65 99.68777460753506
20 66 28.25694072802432
20 67 59.2620550189401
20 68 41.834709469393545
20 69 79.09730997778325
20 70 65.38846723556887
20 71 41.62406989914583
20 72 44.84099227502513
20 73 38.438614375932985
20 74 35.02025864818606
21 22 21.672671120751758
21 23 92.21967285014962
21 24 20.478998730352576
21 25 83.9362446741885
21 26 75.78749884589288
21 27 22.12075437938185
21 28 39.134878732673954
21 29 77.66857207741796
21 30 35.28517875076288
21 31 44.5672703712585
21 32 48.5041702812157
21 33 74.75093021684458
21 34 76.41896972865504
21 35 69.43577002064337
21 36 71.00165142224536
21 37 89.64685513785145
21 38 42.87457248887022
21 39 40.3024596666138
21 40 81.67107304832271
21 41 61.913012701803474
21 42 80.92146660188355
21 43 99.14839495117442
21 44 81.54887030575215
21 45 82.83124348641994
21 46 57.948604135202075
21 47 58.506807187164085
21 48 96.84647304631643
21 49 81.30196189634864
21 50 82.90143168324283
21 51 25.628481003405838
21 52 62.8213621450827
21 53 60.492204271304225
21 54 56.26077553178524
21 55 25.848505626132543
21 56 60.22244685024654
21 57 22.922497872971597
21 58 88.82342162467695
21 59 20.02055830062588
21 60 25.496935227404613
21 61 28.646782295051203
21 62 27.59116984807835
21 63 89.08685020942269
21 64 98.67618578311257
21 65 91.03447482250468
21 66 52.07038041095481
21 67 45.74799421525548
21 68 88.56944213408349
21 69 43.409349724920865
21 70 64.4774230551219
21 71 96.12672886297915
21 72 79.27500864797886
21 73 55.26662187598297
21 74 34.35226606380485
22 23 78.17575374003508
22 24 40.05210205926495
22 25 50.57583287584755
22 26 60.69461043220295
22 27 61.457377053265915
22 28 40.16643499138915
22 29 60.22970952460771
22 30 65.45177830872548
22 31 28.813781445099753
22 32 68.12917422053481
22 33 33.434206869101565
22 34 70.74302142256212
22 35 61.84843804625838
22 36 95.91623618124567
22 37 94.4481705848987
22 38 60.25203237667427
22 39 95.42975191415155
22 40 31.974509393039074
22 41 56.98429936141043
22 42 66.11998790290195
22 43 93.11579119902136
22 44 79.95160578359076
22 45 51.010883812288625
22 46 48.3369289197156
22 47 62.11475873604881
22 48 69.51624708129629
22 49 30.364585960711228
22 50 83.50209851563179
22 51 90.4889177687768
22 52 48.3712615213544
22 53 95.79757213044387
22 54 53.16790508441269
22 55 40.794375023556654
22 56 55.50982603893465
22 57 89.07020769280984
22 58 65.19413659525492
22 59 91.32544351750064
22 60 41.175678553761955
22 61 67.30196586504889
22 62 51.244997444642735
22 63 38.59547671931418
22 64 32.32277638303696
22 65 27.71351049528689
22 66 39.55524573914684
22 67 77.56426044799399
22 68 44.91335952787694
22 69 35.92662085659168
22 70 50.83948120738374
22 71 49.46745805965789
22 72 33.14050940300645
22 73 74.87865010178129
22 74 58.23241824861677
23 24 47.96834646844337
23 25 62.826834281487656
23 26 54.54219378661407
23 27 94.88750184720807
23 28 41.20837254172007
23 29 85.46250319408723
23 30 66.83871480556249
23 31 75.31360275754226
23 32 57.748530569187594
23 33 72.88467408125688
23 34 23.468133245484637
23 35 35.518805295410104
23 36 73.33492922961217
23 37 74.97206242362043
23 38 88.0581876041752
23 39 82.24178629849563
23 40 37.69906145638107
23 41 65.45089987965048
23 42 69.90731367480574
23 43 37.411699596335936
23 44 27.28015614805618
23 45 25.0053599664483
23 46 72.66437180343917
23 47 59.554355554381864
23 48 52.78755786236209
23 49 35.98449953839335
23 50 28.67125660672931
23 51 61.88201907937361
23 52 87.7983272229544
23 53 37.44185917512361
23 54 45.24900199636065
23 55 69.58970461036614
23 56 37.16326964632359
23 57 54.59569220304185
23 58 57.8137682566972
23 59 54.309176938356096
23 60 27.26770421540173
23 61 35.80074524494095
23 62 48.912955578535176
23 63 29.611989281676287
23 64 41.436849700220996
23 65 31.076212200617448
23 66 35.42135917478888
23 67 40.91328624279307
23 68 50.08568421756554
23 69 62.65413848146566
23 70 92.17724382478696
23 71 83.20797637470653
23 72 93.08244681990834
23 73 31.886870512173786
23 74 83.75763293077445
24 25 64.2818422193502
24 26 79.7661022880801
24 27 68.54259435402588
24 28 60.33075554996113
24 29 58.98078741266757
24 30 96.6027853185827
24 31 32.27677758538165
24 32 56.33560462902847
24 33 95.41803444166038
24 34 23.013942004051522
24 35 69.41721279628067
24 36 46.69150828126586
24 37 51.54176851911272
24 38 44.503230148079915
24 39 49.037736058389456
24 40 76.60084110940315
24 41 29.769887511830433
24 42 82.35442986151183
24 43 75.04894296495891
24 44 56.31946853376621
24 45 59.9615599614055
24 46 73.60788105086796
24 47 80.87597567654477
24 48 88.47849094672164
24 49 28.549723336540104
24 50 28.901634754760934
24 51 30.36476911650089
24 52 32.3079853106243
24 53 92.76780268327009
24 54 29.893109455365618
24 55 39.11032099344611
24 56 76.02993579014014
24 57 54.63964964476045
24 58 56.22078071727305
24 59 71.8548976416599
24 60 39.40296680889227
24 61 63.381789634388454
24 62 34.87912833940784
24 63 55.55381002618458
24 64 46.45445657684073
24 65 64.57035922837716
24 66 39.2242934941222
24 67 41.3965670349953
24 68 30.106581448637087
24 69 96.12117567616723
24 70 33.10884221751027
24 71 90.42720183966406
24 72 49.53605420721705
24 73 52.34650869237601
24 74 89.6187098944044
25 26 95.4456852421736
25 27 25.818291592784945
25 28 47.72151819428166
25 29 56.34969774336605
25 30 77.376558026943
25 31 95.32233641968752
25 32 40.22419810541733
25 33 25.344739165217263
25 34 38.73265482646828
25 35 32.26799346542237
25 36 24.068066612040724
25 37 84.59925894071804
25 38 76.00861251144998
25 39 50.77197348829351
25 40 72.69582587966426
25 41 23.966517139613313
25 42 52.2881939634437
25 43 94.67610271529387
25 44 89.06846365061561
25 45 30.44793563199109
25 46 42.79465536660343
25 47 38.13120195048866
25 48 86.8038653175687
25 49 48.931638268751946
25 50 97.7128499744694
25 51 56.816979794405604
25 52 45.58395064039344
25 53 86.65305369798163
25 54 70.2948073004289
25 55 21.679712819102626
25 56 72.82723830959887
25 57 54.378464798967805
25 58 85.31851800471783
25 59 82.20774097237557
25 60 87.49071511829983
25 61 25.38386091424175
25 62 64.95322487141668
25 63 42.428411719157324
25 64 91.61439682737301
25 65 48.3341717679097
25 66 58.56320066535646
25 67 64.05517836371428
25 68 79.27148870974315
25 69 44.002351720921496
25 70 29.977604004589004
25 71 96.8905025507211
25 72 31.68803034231651
25 73 35.542913497547346
25 74 31.675186488456255
26 27 42.1606407761458
26 28 89.67042429963541
26 29 34.95259747172546
26 30 85.87085563251891
26 31 64.8141015810503
26 32 51.62797049604006
26 33 75.78308499047338
26 34 25.437341444503538
26 35 73.39019481998342
26 36 55.48621701703336
26 37 95.01648928437744
26 38 62.560043131976364
26 39 29.421289019286885
26 40 45.69108809319138
26 41 50.55954410018225
26 42 91.90384782313645
26 43 88.79983259260246
26 44 27.269553734134362
26 45 68.93746139218882
26 46 91.61550538827014
26 47 27.860623346537025
26 48 73.9074795077741
26 49 72.42417625174606
26 50 26.976383905101102
26 51 80.19898973937137
26 52 24.168089605990744
26 53 60.6107780567321
26 54 24.849407877821506
26 55 61.866673343073444
26 56 78.57735826909783
26 57 89.12339989722605
26 58 50.208221292274445
26 59 21.86517454543508
26 60 36.00722897711513
26 61 45.7426679224373
26 62 91.49850855163655
26 63 52.69381084916421
26 64 88.89834261517764
26 65 78.06913437970391
26 66 98.0509555615291
26 67 33.52125473393593
26 68 81.25377395824727
26 69 78.25720374011064
26 70 21.808046424251756
26 71 28.029676200785083
26 72 27.9478320049257
26 73 37.09672519848229
26 74 48.378967484574204
27 28 36.93672456324616
27 29 50.608135938055895
27 30 69.61687582524704
27 31 85.66660777805305
27 32 79.23255584216562
27 33 32.51301653444274
27 34 45.49034409187479
27 35 40.25017621988103
27 36 95.36245286335014
27 37 41.50411774731192
27 38 89.91905223706259
27 39 75.4132713920639
27 40 34.07996693962929
27 41 51.69260344235917
27 42 55.3739350170009
27 43 99.99400969773211
27 44 25.79090687369007
27 45 88.08361111294367
27 46 89.14656470088384
27 47 41.49609805615211
27 48 39.24388105613474
27 49 84.67258626035303
27 50 74.4515508658815
27 51 91.16336518067799
27 52 33.035582278234024
27 53 89.34679094143694
27 54 73.6926161743213
27 55 98.95016328778186
27 56 67.13353023513798
27 57 94.43477531049635
27 58 91.57506268254826
27 59 60.14164752351674
27 60 39.390889557310125
27 61 26.16381199104561
27 62 26.538414834916388
27 63 64.03481807578186
27 64 43.471276088719215
27 65 91.95331615339899
27 66 92.87987272067723
27 67 64.74741339500319
27 68 51.65968496268886
27 69 83.4956747254725
27 70 82.96620825208889
27 71 44.59888425632818
27 72 48.394104308742314
27 73 83.55753005682145
27 74 84.68795386470123
28 29 99.76047923092747
28 30 66.90988449066819
28 31 24.86788555935891
28 32 95.80726768011733
28 33 59.79682498117001
28 34 23.858058418109582
28 35 46.77787602787552
28 36 61.26536919370169
28 37 62.38910739336436
28 38 29.371295725912184
28 39 68.48042703935207
28 40 65.21953422258294
28 41 68.44805027368844
28 42 83.73320511257242
28 43 44.64404750420796
28 44 58.807201311960085
28 45 55.46245065587588
28 46 62.11223628405388
28 47 88.92016616309205
28 48 44.71505099970774
28 49 35.61296366677788
28 50 64.87403903824477
28 51 26.7978699104452
28 52 34.77645949372758
28 53 82.2901234603282
28 54 39.018784099370805
28 55 20.244817789734412
28 56 88.2014636272365
28 57 31.9183795159634
28 58 42.08289373681106
28 59 30.37949756691491
28 60 28.896688782710953
28 61 58.08750274266106
28 62 68.9056977116621
28 63 63.56380745860447
28 64 53.71772640357753
28 65 46.294603508567754
28 66 97.91613263023854
28 67 34.98709994188463
28 68 25.51323432187166
28 69 68.3136017119088
28 70 51.79011185549902
28 71 51.85941258404302
28 72 28.949428173005344
28 73 96.89897125448785
28 74 21.799117857021983
29 30 42.4097273022084
29 31 42.32111174116081
29 32 77.5396100982149
29 33 45.14283748454811
29 34 25.37022441679996
29 35 69.45358152580391
29 36 93.85003161152102
29 37 46.207266383095174
29 38 28.393144187690183
29 39 65.46767903662118
29 40 80.7982689966444
29 41 26.624283293605107
29 42 88.66585789810246
29 43 67.2325193112901
29 44 58.32325566850368
29 45 28.380105547007865
29 46 67.13477918294429
29 47 47.674078794912795
29 48 70.37374052435662
29 49 41.454468902523246
29 50 56.87502527419476
29 51 43.5800928919867
29 52 64.51285028081898
29 53 78.6533174924702
29 54 44.16071292630872
29 55 44.90040046736386
29 56 93.50661006965242
29 57 31.57447511431993
29 58 37.47246546226882
29 59 86.91211813621752
29 60 22.589824235284716
29 61 70.14911967926622
29 62 85.08936663751118
29 63 52.606180128486926
29 64 63.82882187921638
29 65 90.75834998023757
29 66 81.13070977512261
29 67 96.3883723505449
29 68 48.20041974127293
29 69 87.16714199303395
29 70 60.19432376765777
29 71 55.20369760151851
29 72 31.303565153578425
29 73 28.745154136654534
29 74 49.47285257309154
30 31 71.4320109418847
30 32 86.32877846978444
30 33 26.46850491982694
30 34 94.33074190982782
30 35 68.95523016006797
30 36 85.57676729213144
30 37 99.40639126653255
30 38 71.0472343052374
30 39 72.21470747568122
30 40 20.610075505107403
30 41 79.53878270034411
30 42 88.67341839622925
30 43 42.8456970876494
30 44 76.15848931237511
30 45 69.3538361109713
30 46 96.07508078172029
30 47 81.88245780494387
30 48 95.65090005346819
30 49 39.43969391732452
30 50 99.0072622021054
30 51 35.220429982511575
30 52 38.03411635433144
30 53 95.17770985094471
30 54 35.62456952080807
30 55 96.8376356655972
30 56 62.80980763999772
30 57 72.37337244720466
30 58 51.70676415328699
30 59 93.24703610979527
30 60 68.80095358236856
30 61 79.16047061061003
30 62 36.76951331774813
30 63 76.89583631703536
30 64 89.95148525222791
30 65 57.52167846412382
30 66 59.992697647266155
30 67 33.22152698686749
30 68 49.15009931736395
30 69 35.04471941794887
30 70 74.62608323773699
30 71 92.0110639171157
30 72 55.49830125159787
30 73 79.30300268881439
30 74 90.76145567558953
31 32 86.28204418374652
31 33 76.82124405413389
31 34 91.60494401594222
31 35 68.65562115743737
31 36 85.54739801780576
31 37 41.427492312317426
31 38 34.87331114475281
31 39 98.77879407634384
31 40 68.44045096698406
31 41 63.91841536954765
31 42 62.89157717391439
31 43 50.60272792185412
31 44 29.370560897774006
31 45 53.39392326442257
31 46 26.035194064613734
31 47 74.67386977226644
31 48 88.64489328404704
31 49 44.23006074377632
31 50 81.9421357292014
31 51 86.74862743275204
31 52 35.99886314053769
31 53 35.79124629640524
31 54 96.28259364183808
31 55 36.32037571577768
31 56 34.82939316329207
31 57 23.772981543220606
31 58 27.782825536376716
31 59 76.3654347514163
31 60 47.40279838749707
31 61 52.14664672590039
31 62 26.942011182194783
31 63 98.59145771318283
31 64 66.9007767272715
31 65 32.74633475139843
31 66 36.63110719508965
31 67 76.24989744248421
31 68 65.16329384987303
31 69 98.49860610745203
31 70 95.58526124662228
31 71 68.68314750863374
31 72 79.64573449321674
31 73 97.47247223942256
31 74 51.597845639429494
32 33 89.63664473293744
32 34 43.845441053194314
32 35 64.74521938147595
32 36 20.252283658705934
32 37 50.34489009710445
32 38 98.01816161504912
32 39 80.8305659149216
32 40 91.65355180897015
32 41 55.5102042438793
32 42 56.87062000505156
32 43 35.7391708805263
32 44 43.64908374016075
32 45 31.25669706511724
32 46 80.13925399671749
32 47 84.30258720581736
32 48 76.48206635783946
32 49 99.77205068001768
32 50 71.58852919394819
32 51 85.75131365292039
32 52 87.39508275766548
32 53 76.15555991019676
32 54 22.37609919214683
32 55 86.93374736296374
32 56 99.92816026987921
32 57 76.65726159055015
32 58 76.51224172464438
32 59 22.69043572220813
32 60 86.01064783763809
32 61 41.73637228445426
32 62 93.67026831704185
32 63 85.17392309537706
32 64 65.9304714792715
32 65 79.54137662242906
32 66 96.01608624504395
32 67 91.53637277495552
32 68 91.43631476587584
32 69 98.90475712129066
32 70 54.89392675514982
32 71 66.54966158378544
32 72 81.67893851489056
32 73 81.15819575924007
32 74 59.11498813733827
33 34 90.15129291548514
33 35 60.534798278199474
33 36 73.94137853064558
33 37 89.13417196109532
33 38 50.68921047943557
33 39 23.870977166561957
33 40 92.99129129828852
33 41 79.70804619331281
33 42 57.83014258448404
33 43 75.30875635311766
33 44 40.11319545106488
33 45 29.71135221141455
33 46 73.05269589567816
33 47 75.66084923300124
33 48 41.148196413028266
33 49 44.5847658782195
33 50 71.7350012541489
33 51 79.8167414221566
33 52 90.79007730775021
33 53 89.31102342342813
33 54 27.28153654333984
33 55 73.8858739695676
33 56 89.11827229441978
33 57 62.17231141911495
33 58 82.08921736218342
33 59 32.047462236202335
33 60 72.7835779544777
33 61 72.16555582420447
33 62 24.700627250828067
33 63 91.95729528643065
33 64 86.6820778263981
33 65 73.56386531712955
33 66 93.98028607869098
33 67 98.1532814515377
33 68 44.55710033861731
33 69 43.24289575055768
33 70 81.07313220532203
33 71 46.32182996498558
33 72 81.28242473601468
33 73 38.425661051232964
33 74 23.224749793405408
34 35 61.62967768580125
34 36 68.07865550535796
34 37 24.47208339193037
34 38 49.1650588135504
34 39 62.74112315354631
34 40 58.54619336411018
34 41 42.509233562815155
34 42 22.981553500065857
34 43 22.091227812418175
34 44 73.71683968020736
34 45 77.92795173027477
34 46 23.797300477089422
34 47 53.59894430312765
34 48 24.74202025318047
34 49 51.19852010400369
34 50 84.78455177896005
34 51 69.50859887969841
34 52 51.44070806452552
34 53 50.64586003842754
34 54 93.77841310890548
34 55 29.498084430580445
34 56 42.496037957147486
34 57 45.95144477574944
34 58 26.850174326581254
34 59 64.78129263233933
34 60 61.412752612358474
34 61 46.850668976903485
34 62 21.850968519055243
34 63 56.705107221354176
34 64 91.9824309067013
34 65 26.31363958572644
34 66 98.78445061525699
34 67 98.04324248133598
34 68 91.01460967380157
34 69 62.24561560677097
34 70 79.68059949250812
34 71 73.63531922811866
34 72 20.670849033324057
34 73 31.63302642630616
34 74 49.90749071733955
35 36 29.164857337692112
35 37 94.77364931936418
35 38 80.96056251342219
35 39 59.375016343372025
35 40 75.10297846635164
35 41 79.87310068292355
35 42 91.27046141496935
35 43 85.15835850574317
35 44 31.522436204110846
35 45 76.93560721938202
35 46 79.43680467336688
35 47 76.64774743652868
35 48 81.24088389222572
35 49 77.04903214735612
35 50 91.62923708781256
35 51 72.66567060846273
35 52 44.65844683270732
35 53 52.421610574434546
35 54 70.82491531076359
35 55 47.78301708085672
35 56 46.50021466863815
35 57 30.47904995095208
35 58 20.564045452376625
35 59 85.13840204499408
35 60 38.69700704152392
35 61 52.83945153889465
35 62 74.15967141300541
35 63 91.38464877549777
35 64 73.41126053516095
35 65 22.386196938979268
35 66 74.7836635765774
35 67 26.125567933705646
35 68 33.25178082413999
35 69 45.28744273594552
35 70 43.913628829504006
35 71 73.75014974996566
35 72 95.85396471896473
35 73 41.5448872677989
35 74 32.55093524009303
36 37 35.74292045765607
36 38 38.90888619398509
36 39 30.819758252259682
36 40 26.48388086796401
36 41 38.657003153958776
36 42 48.63795957388632
36 43 49.05980317812306
36 44 88.82135304342708
36 45 76.07972215618325
36 46 22.284098068970533
36 47 49.04197350816966
36 48 50.708406937606085
36 49 93.29408039217378
36 50 87.7551864388296
36 51 51.540180168769545
36 52 82.29469251577413
36 53 52.05705112997617
36 54 71.7742540902764
36 55 37.087017444715656
36 56 62.52307222244547
36 57 81.67883141375472
36 58 90.40985797463492
36 59 86.09422706170787
36 60 44.029581547824165
36 61 64.29188091511449
36 62 63.839792862399534
36 63 62.42123571140982
36 64 94.67371378042776
36 65 34.2798439015083
36 66 52.595522983752886
36 67 88.85261509736316
36 68 53.563688491096705
36 69 94.28324514861505
36 70 24.066700459354465
36 71 62.69046592617627
36 72 45.18301673063934
36 73 76.18238043152776
36 74 92.58477151250264
37 38 92.2607655602995
37 39 80.38981116308321
37 40 94.78620196056028
37 41 62.43448964321955
37 42 69.78377807133526
37 43 61.52637744142328
37 44 77.74625645289797
37 45 40.63338229962838
37 46 24.849968779344653
37 47 70.02580592726241
37 48 46.28740953945573
37 49 31.150062838808115
37 50 39.94280229094089
37 51 89.32789855236345
37 52 32.302828814124645
37 53 88.30813089652287
37 54 42.959856878116085
37 55 26.478606462505034
37 56 70.96232284726807
37 57 79.94335174454076
37 58 88.67032061719812
37 59 80.2085079304623
37 60 53.27444785749596
37 61 87.67866531313693
37 62 87.78405399402938
37 63 45.351200645870094
37 64 37.78399506443505
37 65 73.8912846084774
37 66 90.77833228652865
37 67 43.891818597623775
37 68 71.29665548502464
37 69 43.91753693259921
37 70 87.56374828678585
37 71 83.47816693466837
37 72 28.92514257688002
37 73 58.71207604379436
37 74 66.5575993182486
38 39 96.11118434884735
38 40 79.25953104772309
38 41 89.17526061032355
38 42 68.8339764355257
38 43 92.88006789522323
38 44 27.530765697779014
38 45 20.371283802007454
38 46 78.67039693127455
38 47 86.80140811957838
38 48 25.741394144775995
38 49 88.4092600858677
38 50 98.73409915743154
38 51 70.86495926092657
38 52 64.6520368035823
38 53 94.64782931122282
38 54 45.40276635432928
38 55 65.40916711611223
38 56 91.90193020376493
38 57 41.51845926625246
38 58 71.99056522591759
38 59 61.638165386235634
38 60 61.26146144742253
38 61 63.92923896669345
38 62 54.84292117314627
38 63 22.195189412310768
38 64 33.55980265805613
38 65 65.88019053274053
38 66 76.3878819359214
38 67 25.650259308720152
38 68 95.68134179601324
38 69 77.17042975830643
38 70 35.89277043868309
38 71 35.79165142230465
38 72 73.85891030012601
38 73 85.22544954440706
38 74 53.21864135833353
39 40 50.935565524910444
39 41 49.14086036986832
39 42 94.71314135061061
39 43 30.90025610525884
39 44 27.993800501405566
39 45 38.421581747436484
39 46 90.13166910497208
39 47 68.46923628716286
39 48 79.63047827708013
39 49 29.952784561346732
39 50 61.44170288228609
39 51 88.92809767423867
39 52 73.53510616806506
39 53 36.37581798445535
39 54 71.54190273116535
39 55 27.77222980466883
39 56 50.64481277267433
39 57 79.47250348028933
39 58 24.42821008178976
39 59 84.39599689186517
39 60 77.7336173934324
39 61 50.81155432667259
39 62 65.70653492725117
39 63 45.701043935740344
39 64 79.79043435527802
39 65 24.912277614188678
39 66 86.91337562617807
39 67 23.323803996501766
39 68 95.34963478496762
39 69 29.954885635739554
39 70 66.1404428451632
39 71 92.19069563258026
39 72 46.748128877406714
39 73 39.71045546365741
39 74 74.5895111106008
40 41 74.02093809776919
40 42 52.14491402224936
40 43 58.630401477232176
40 44 35.1645940702657
40 45 24.811591425973134
40 46 26.699638911261232
40 47 71.68012793320763
40 48 81.20468868313134
40 49 89.66059629758699
40 50 72.53429430748982
40 51 76.17909782340229
40 52 56.702031872948226
40 53 20.57770866015934
40 54 51.23286365918549
40 55 31.79907158940029
40 56 30.41053158529831
40 57 67.61974076539894
40 58 39.12382460255028
40 59 66.07116629462709
40 60 98.41350041081378
40 61 96.51822735959468
40 62 85.85099356904072
40 63 76.9518924373053
40 64 88.65507309934341
40 65 27.26544080613558
40 66 94.44850282226861
40 67 87.94820065524506
40 68 59.62948952702252
40 69 79.37039727416395
40 70 67.95844811801756
40 71 22.863187523468092
40 72 21.893411952290602
40 73 30.340207892300278
40 74 39.26898514612385
41 42 42.36045256120423
41 43 92.57441945660653
41 44 84.60716187301061
41 45 99.3172882453554
41 46 66.45960138370143
41 47 58.33025465866412
41 48 89.99852534201662
41 49 47.14717460204638
41 50 74.08575737039115
41 51 92.98435387252931
41 52 42.27519593394333
41 53 80.68508915207369
41 54 63.845677685960325
41 55 28.57117687952175
41 56 27.12097565152255
41 57 22.956386423448826
41 58 56.07380300320316
41 59 25.560407383174592
41 60 95.81495716541204
41 61 42.91829030163821
41 62 63.492044120068144
41 63 25.401834291418666
41 64 43.97982352714995
41 65 87.80835513662626
41 66 76.46811991860241
41 67 86.66442280833753
41 68 24.838879942826992
41 69 36.60991595096202
41 70 76.95680195555519
41 71 54.34466450505559
41 72 44.73865437089277
41 73 61.48220856866438
41 74 53.263917948539884
42 43 94.35692200338684
42 44 77.86993320110483
42 45 62.95705638983236
42 46 49.237853051900125
42 47 38.13140123902592
42 48 29.182783339730058
42 49 89.91863502280923
42 50 71.32632726600124
42 51 39.34624553600608
42 52 25.491958068219766
42 53 95.90845483274697
42 54 91.81387324961509
42 55 89.4559433212133
42 56 89.09821562262941
42 57 55.894196611427034
42 58 54.86401856605905
42 59 54.03049249003342
42 60 75.39916781064024
42 61 80.23583548298576
42 62 54.5407288494765
42 63 85.66715129502606
42 64 80.29575848435519
42 65 30.37924113958657
42 66 33.95576273808081
42 67 34.6084506369272
42 68 73.38370668710833
42 69 95.07335666595009
42 70 21.198590956429435
42 71 91.20817290040529
42 72 59.10378321608426
42 73 27.630966550456073
42 74 95.22401477693242
43 44 65.8256500183997
43 45 70.51642028633637
43 46 22.474163352811487
43 47 64.84806430158599
43 48 43.4144640887516
43 49 46.496625605014046
43 50 34.025630704838086
43 51 23.60578486418202
43 52 84.744837490532
43 53 95.75179171461946
43 54 76.18056913359857
43 55 55.39383238023469
43 56 99.12685630011086
43 57 46.02804545318304
43 58 28.456000228547957
43 59 81.09769513823206
43 60 88.78593975316866
43 61 58.43276303110873
43 62 73.02303271439884
43 63 77.83117193843358
43 64 54.59605063397896
43 65 88.6307929635861
43 66 89.12855900840144
43 67 93.60029122393269
43 68 73.67281943394585
43 69 20.55786335843723
43 70 99.37795970502981
43 71 61.26567540875125
43 72 49.17392457323157
43 73 73.93144227186991
43 74 61.86861619730521
44 45 77.57928465918636
44 46 85.04331400564696
44 47 51.059755925105975
44 48 88.99359473292493
44 49 56.33439926958056
44 50 31.342747263119158
44 51 43.448273175632615
44 52 90.0432788435688
44 53 34.36464410345792
44 54 58.70571768540024
44 55 67.89160528745886
44 56 58.75470883533786
44 57 50.16121593816521
44 58 57.02193125512998
44 59 91.28534731830455
44 60 64.61654017258935
44 61 31.46237017554336
44 62 94.06936614025956
44 63 92.8447642367609
44 64 25.89899747876394
44 65 45.23393212841191
44 66 21.095921600874963
44 67 75.95299204508208
44 68 75.70725530015699
44 69 69.38118050138645
44 70 32.411332419672604
44 71 67.2722793063602
44 72 97.40196810579552
44 73 98.66045669220925
44 74 46.24207126651109
45 46 40.818835163241886
45 47 88.93323598723586
45 48 38.35168705727763
45 49 92.79778877311524
45 50 20.330195838639362
45 51 42.31741793999829
45 52 57.6284249790214
45 53 61.516456483057674
45 54 76.19112852071734
45 55 32.88794338397531
45 56 67.76261035181034
45 57 58.618125203629404
45 58 74.02868660447592
45 59 24.114412610138245
45 60 85.33067027276844
45 61 71.09822285405541
45 62 88.71476902766838
45 63 50.47504710347592
45 64 55.02563340786536
45 65 32.894977483448045
45 66 84.76550684988794
45 67 87.04527009675114
45 68 73.44290757014849
45 69 94.46926500490528
45 70 85.72614252882566
45 71 64.93698816645201
45 72 81.0034741639975
45 73 76.48180441354775
45 74 77.84878596366602
46 47 99.08034413308586
46 48 98.0530912784204
46 49 25.972105747447163
46 50 49.309924057604235
46 51 75.147063037284
46 52 20.325657533316274
46 53 63.66987794257903
46 54 59.5565460880313
46 55 46.12028449323102
46 56 98.9337002695338
46 57 45.40793071543235
46 58 61.73065004583769
46 59 70.11585116566164
46 60 88.12953209022018
46 61 37.05939356217659
46 62 73.83124109810505
46 63 20.002391949452154
46 64 51.55143846924143
46 65 69.13632979622965
46 66 52.44987870242777
46 67 76.5254248680545
46 68 76.1328928348155
46 69 49.50814488179518
46 70 67.0437574260062
46 71 89.78247923488827
46 72 87.55127189192125
46 73 55.9250009522976
46 74 47.83126163139937
47 48 69.68554931463343
47 49 85.87028372986677
47 50 43.5559455407343
47 51 79.56467016576514
47 52 68.69173397517064
47 53 74.7873922810865
47 54 72.16646567462558
47 55 65.91433604550163
47 56 97.62429098207254
47 57 52.18449266895726
47 58 82.35315250528154
47 59 22.890372908882092
47 60 47.465484597283776
47 61 29.788171791630873
47 62 64.55890567134426
47 63 76.35701283615897
47 64 51.17278522469634
47 65 57.88541492571005
47 66 77.31057667275053
47 67 42.222570622503035
47 68 88.77016034734703
47 69 66.33408514103317
47 70 59.8466133285956
47 71 65.3739500841172
47 72 61.430028095168524
47 73 22.224423720462543
47 74 69.8796813082075
48 49 36.85172153026436
48 50 62.133749954889474
48 51 74.64373223243611
48 52 23.855893705143664
48 53 80.40387907584247
48 54 88.15109184066318
48 55 29.383438311392133
48 56 53.77342112773054
48 57 40.26685728327994
48 58 49.47223486868127
48 59 71.94073011899992
48 60 29.783768088179848
48 61 70.60728313613296
48 62 43.878171955865696
48 63 64.93338422614175
48 64 78.3578423054253
48 65 23.935170959968204
48 66 35.2470504804911
48 67 39.49459957275611
48 68 98.24603148150996
48 69 58.01004051646197
48 70 20.75885471645634
48 71 21.020250410215322
48 72 42.32587792649261
48 73 26.068021585693508
48 74 24.31393828955929
49 50 21.84870855757028
49 51 57.936028549688416
49 52 20.574442129432818
49 53 33.905227565874796
49 54 76.07187833846604
49 55 64.48976756442713
49 56 89.20683142177955
49 57 92.87235390856287
49 58 38.40944919989957
49 59 98.02884003254756
49 60 65.35186966873451
49 61 54.22085210685411
49 62 92.84868332131305
49 63 44.18385287447998
49 64 29.991074018092423
49 65 43.00613113896594
49 66 33.713080888830696
49 67 55.22727620343328
49 68 86.10852554019284
49 69 61.568926835183746
49 70 69.10308804533122
49 71 20.186948921867113
49 72 64.75789761852047
49 73 80.15062365852104
49 74 48.95284371439836
50 51 88.53838558518981
50 52 98.64736974615687
50 53 50.255267140110305
50 54 60.69206370385925
50 55 28.316834487252656
50 56 75.00832497261811
50 57 74.88247746340417
50 58 88.95769519092858
50 59 28.81657629759932
50 60 23.147366504145968
50 61 80.9595765939635
50 62 80.71419684466863
50 63 75.8406998206575
50 64 68.9981497439512
50 65 52.5495568145989
50 66 34.57014707446636
50 67 49.02078730500402
50 68 43.8045645531076
50 69 57.79706637593867
50 70 41.705020170385644
50 71 97.58455515493975
50 72 81.40479404523305
50 73 29.697572041722875
50 74 41.76983105489705
51 52 82.6221217201033
51 53 59.669735415232445
51 54 85.33911722911276
51 55 79.48375858353455
51 56 21.18332456857147
51 57 39.837362920634476
51 58 60.048112408608304
51 59 98.040270856126
51 60 88.01794269069872
51 61 90.15887551255528
51 62 79.18808447987783
51 63 77.99659854114522
51 64 49.2669732498705
51 65 49.87495437642246
51 66 32.21162614289025
51 67 22.248680526276956
51 68 53.25877675328443
51 69 95.91325653694679
51 70 29.447627921669906
51 71 20.690122276776883
51 72 20.34979487063543
51 73 54.08846873899982
51 74 59.0504258863027
52 53 34.32489765469477
52 54 45.906453035488084
52 55 52.71592105873205
52 56 82.48574554664671
52 57 20.89998550147337
52 58 70.14724517355234
52 59 54.11975642224421
52 60 30.97699805574851
52 61 56.65594721144004
52 62 37.58075973257263
52 63 28.435990933029956
52 64 43.966657997769815
52 65 40.56276310624448
52 66 97.68049985566171
52 67 58.86207498281276
52 68 99.78948203387496
52 69 62.80360265631312
52 70 57.44294368672272
52 71 60.1078804560703
52 72 23.362149967604317
52 73 62.67792048062315
52 74 55.86981437439852
53 54 33.84183310313533
53 55 75.26358755421658
53 56 75.4219224222579
53 57 49.571591403728874
53 58 93.25357434917038
53 59 76.78746207683798
53 60 75.11982147922059
53 61 60.9232879835984
53 62 43.53398583637707
53 63 83.83620315143096
53 64 39.41200170255307
53 65 87.83017290821542
53 66 96.88466500376518
53 67 22.939406499195147
53 68 22.215616203553328
53 69 91.41390683698135
53 70 24.372740252756266
53 71 73.55811646278505
53 72 81.38108269521044
53 73 97.34332551004718
53 74 69.22389960031254
54 55 92.07259363928904
54 56 55.76155533664705
54 57 53.49053094833029
54 58 66.67105268021444
54 59 27.147236388679914
54 60 22.746082619214256
54 61 45.99355049184012
54 62 94.20795435841262
54 63 56.07965466631627
54 64 84.6609408836477
54 65 20.644318036452816
54 66 48.4415311904359
54 67 30.667949495541713
54 68 72.75608761680243
54 69 67.78543286271555
54 70 75.91927437091172
54 71 41.14573259572768
54 72 89.2079055693128
54 73 63.35712494951497
54 74 61.925597155450745
55 56 34.27578803959946
55 57 61.9835424545665
55 58 29.04013668418168
55 59 99.97937791941938
55 60 53.3346450992897
55 61 21.10536155159511
55 62 70.21602142529278
55 63 77.03347895709491
55 64 48.63410374204561
55 65 98.68058927966045
55 66 78.95200975941479
55 67 39.011089314050416
55 68 89.32496905664414
55 69 71.91229066446027
55 70 64.77437860911814
55 71 36.11763863453693
55 72 30.434262979844675
55 73 74.98168362216808
55 74 82.12070665082922
56 57 28.556731936652575
56 58 26.619617862947784
56 59 25.180370229435383
56 60 65.69693435180159
56 61 65.8874151406061
56 62 61.535603376225524
56 63 88.42179675704774
56 64 83.15285272677244
56 65 84.90934702282907
56 66 60.2830115260556
56 67 45.69275940568783
56 68 95.22670949085793
56 69 78.21171882809735
56 70 38.43308622261796
56 71 83.45245535267134
56 72 88.16689376964169
56 73 91.04569323930966
56 74 54.56230708473191
57 58 86.41654353789947
57 59 67.47521627787924
57 60 53.130397492308
57 61 20.747837633998046
57 62 36.02114874112209
57 63 70.8149057612259
57 64 33.32864541496819
57 65 22.781478546560976
57 66 83.58855339297298
57 67 66.04664562388533
57 68 38.55268584102929
57 69 25.548944149679336
57 70 50.05318700638582
57 71 52.02360378658494
57 72 52.369765798656516
57 73 27.08896209738551
57 74 99.9832181178098
58 59 72.67812721016213
58 60 84.36495326850559
58 61 22.996209225533057
58 62 74.14538755421785
58 63 60.601827464286515
58 64 58.367334034578356
58 65 54.14490978667561
58 66 30.562306156145063
58 67 43.13357157840385
58 68 29.282469210648514
58 69 45.54038900838457
58 70 80.6869690223702
58 71 83.77689381353994
58 72 61.39489316325671
58 73 99.81895860334372
58 74 94.89676481962563
59 60 86.60266993767961
59 61 51.04894183265734
59 62 71.34482764136253
59 63 76.87300152277399
59 64 51.731848852976185
59 65 36.13139740407347
59 66 27.038895271400712
59 67 88.29004060614301
59 68 65.85362712375698
59 69 75.4919871475467
59 70 35.59899057051073
59 71 34.796804644349926
59 72 42.004658030312186
59 73 74.89868372418493
59 74 38.74523646105548
60 61 86.23429230705405
60 62 34.21408926331573
60 63 42.99534892415443
60 64 41.90746892313776
60 65 24.64826995060477
60 66 33.912995560372785
60 67 46.478304479273774
60 68 65.46968270687421
60 69 67.1656948716595
60 70 34.10954501049433
60 71 99.86676526326333
60 72 63.146255187613164
60 73 47.00663729911316
60 74 83.38710025641086
61 62 73.75748671843698
61 63 53.07784011891319
61 64 88.82862429265514
61 65 81.57471010523258
61 66 34.76334009597761
61 67 82.45892850736558
61 68 53.02602408052074
61 69 52.52553072822627
61 70 83.16358197384038
61 71 93.08449028931304
61 72 81.49458443166225
61 73 52.30312086101911
61 74 82.26841948322871
62 63 86.69200339165153
62 64 76.36603251493645
62 65 39.98469598184727
62 66 20.495142887475932
62 67 91.97220648966366
62 68 46.60629567636053
62 69 83.6721103489001
62 70 56.178099405767185
62 71 89.68875205916332
62 72 33.8448576091173
62 73 46.670811268090404
62 74 22.640468410289138
63 64 88.98005815514871
63 65 90.48569900846826
63 66 83.69297432913598
63 67 89.89207015585853
63 68 52.40471673096018
63 69 25.904495918508033
63 70 30.37234564417765
63 71 47.38055362463659
63 72 32.458916513212216
63 73 76.42386126982048
63 74 35.926615393095176
64 65 30.285839233949066
64 66 91.1332502175654
64 67 71.68360936986326
64 68 76.8035013674098
64 69 63.16705352635275
64 70 80.91911503586634
64 71 66.79475667201228
64 72 97.603287160224
64 73 95.34249307760321
64 74 92.07766706920911
65 66 54.37718382581628
65 67 68.7455247046473
65 68 81.67620972500383
65 69 93.83952601143866
65 70 77.02831679593015
65 71 30.24930890258836
65 72 98.69260808775216
65 73 30.99265665179372
65 74 81.93415048017386
66 67 68.56548390577049
66 68 80.68768591409649
66 69 72.13675887918129
66 70 69.64845974582198
66 71 99.88412126830485
66 72 50.73557952315768
66 73 61.11755724703589
66 74 55.79156339254382
67 68 58.5002826531296
67 69 89.37216469978165
67 70 43.834483128484145
67 71 61.40777703741887
67 72 61.583822844207994
67 73 99.41649810855844
67 74 73.38804323617441
68 69 79.45611876447248
68 70 80.32381097306315
68 71 66.89195835161269
68 72 32.90497565581489
68 73 38.51833742613894
68 74 60.18681225340421
69 70 98.1142567706084
69 71 87.14194443904027
69 72 52.977784886383304
69 73 50.144388212727556
69 74 74.93986804403555
70 71 39.105675661485165
70 72 29.510108827082107
70 73 83.38665735178498
70 74 51.58184717581471
71 72 73.77513606636609
71 73 30.962897593851473
71 74 30.43750755826717
72 73 81.70048346228212
72 74 48.623903864991945
73 74 93.31452182504253
