80 3160
0 1 44.701338373480375
0 2 59.82965802426782
0 3 94.52531847255837
0 4 55.46072418619382
0 5 37.06894128120712
0 6 51.06853874772881
0 7 47.219292042450675
0 8 38.77941396543594
0 9 42.12039457271025
0 10 74.51270047289341
0 11 35.44431128380764
0 12 69.20190572255207
0 13 25.205047487887864
0 14 38.850628803943906
0 15 59.15000998344578
0 16 52.51425612840912
0 17 70.21724720399024
0 18 87.01609972758587
0 19 74.95011742491023
0 20 97.7753969327155
0 21 99.72900912562046
0 22 35.21007671738662
0 23 50.22406117284846
0 24 86.72671462050454
0 25 41.01155856125494
0 26 63.28320394989909
0 27 43.474650550981536
0 28 53.41184360228183
0 29 63.77912013404324
0 30 22.700685130975344
0 31 26.23866487914291
0 32 62.68459421590302
0 33 72.58146412880373
0 34 69.08503767136624
0 35 63.75132034644599
0 36 38.26982559808897
0 37 62.11798667050963
0 38 68.61979067641826
0 39 89.13117854573483
0 40 52.237423995488726
0 41 50.13786069796887
0 42 33.227672339289995
0 43 30.449435909156684
0 44 86.36893848800378
0 45 52.874354836971015
0 46 46.3065215886456
0 47 20.68520051163084
0 48 80.05121335392097
0 49 63.6739257206463
0 50 37.31127352452445
0 51 47.60256240330647
0 52 81.24875200400663
0 53 32.85813491645498
0 54 24.22053255264201
0 55 75.16721737491005
0 56 31.777521832575786
0 57 62.773140354606795
0 58 54.5699328061157
0 59 28.68394571090012
0 60 51.321237726106894
0 61 99.95222014721759
0 62 49.926845903908585
0 63 51.26215395481378
0 64 23.52546839408098
0 65 73.34317245261448
0 66 95.65202716207567
0 67 53.21217722670343
0 68 21.892790524196883
0 69 33.84067432925605
0 70 27.08755221953071
0 71 61.93219469758147
0 72 99.8409061142508
0 73 82.28547876377363
0 74 36.965566504388676
0 75 60.01310561568464
0 76 38.35139553465433
0 77 77.44218915143986
0 78 55.55361641288641
0 79 83.92224895862158
1 2 99.22339531401691
1 3 93.24038569109005
1 4 51.113834724866564
1 5 31.22277965529209
1 6 22.85225488353321
1 7 80.17148902967392
1 8 89.99449338031228
1 9 46.60085461646044
1 10 58.32183265458564
1 11 38.24261160132808
1 12 81.12043955624006
1 13 63.95551355377508
1 14 69.46374823941716
1 15 43.2028207083018
1 16 77.31180250372279
1 17 84.5990198227088
1 18 61.17008960496527
1 19 58.046643163846525
1 20 22.28946573667459
1 21 22.154854242226634
1 22 22.64598869264742
1 23 89.21259896982143
1 24 28.494763945234762
1 25 69.51988550273911
1 26 32.75009238649153
1 27 99.25950759839088
1 28 39.48426043799675
1 29 22.357041476831174
1 30 60.800752832232604
1 31 78.09012601508338
1 32 42.500914462199155
1 33 42.26814077686235
1 34 58.41591882407439
1 35 51.44760301848209
1 36 69.55613100842592
1 37 49.67579912854554
1 38 30.999841305998626
1 39 23.205235365954493
1 40 52.486638878774244
1 41 53.103911578557465
1 42 42.1064849184927
1 43 73.266535858464
1 44 38.41280995253841
1 45 98.06096644316622
1 46 83.83572297053871
1 47 75.10900207844085
1 48 96.52118340159545
1 49 71.8234355610276
1 50 40.53540117018229
1 51 58.827654592557614
1 52 28.80900311864262
1 53 91.56900968075769
1 54 30.182284219755022
1 55 82.56868898052548
1 56 59.74568119616133
1 57 31.845889489429908
1 58 29.121939951103002
1 59 21.574908298718842
1 60 98.44570202138345
1 61 54.569083614863764
1 62 59.120547700534644
1 63 47.40196701241135
1 64 23.606818348389442
1 65 64.77937763641938
1 66 32.166744576076724
1 67 44.539660870017556
1 68 65.42211748162643
1 69 46.03593181116509
1 70 25.27849508931417
1 71 25.32215458947767
1 72 86.89034072028987
1 73 75.16460961145874
1 74 26.872405160206352
1 75 87.97260672663064
1 76 62.869184813373394
1 77 80.19985898431472
1 78 26.007157874879248
1 79 20.49976548102932
2 3 66.66652198847186
2 4 96.50295711134473
2 5 61.12644966019389
2 6 50.69405600418118
2 7 35.051213577472566
2 8 37.74811927533678
2 9 91.97783594838151
2 10 89.65841270467641
2 11 79.64366374285542
2 12 97.62436606676162
2 13 56.112592792751
2 14 43.33410999619314
2 15 28.22987969832308
2 16 66.89660465621645
2 17 50.23961645818942
2 18 66.24564500032454
2 19 82.4019004613063
2 20 55.647212114215314
2 21 82.9431761186028
2 22 93.85338911812012
2 23 72.44346383984887
2 24 92.97350530375067
2 25 39.708339901181844
2 26 77.34947584836355
2 27 34.42534532962589
2 28 43.675351192099185
2 29 35.814088127661385
2 30 53.98742986447544
2 31 67.91340638263543
2 32 92.77086265244999
2 33 29.092857117855946
2 34 40.39641320400329
2 35 32.152088418979616
2 36 20.01342500008321
2 37 27.61141502758459
2 38 92.65668002145688
2 39 28.141007085022387
2 40 21.377488530143918
2 41 33.80176503860538
2 42 27.189845752276316
2 43 27.953011107732095
2 44 61.48835663324008
2 45 26.98644801521576
2 46 32.671529642313175
2 47 78.01847479352872
2 48 92.5215888932259
2 49 89.71689696747836
2 50 98.40266722518687
2 51 75.41397824121016
2 52 75.94394575164262
2 53 51.325824554603884
2 54 28.311050224833075
2 55 54.844426087044376
2 56 39.17347575664449
2 57 72.42645942301334
2 58 94.60398785774088
2 59 91.7537445187927
2 60 53.47858716018878
2 61 42.68695553895103
2 62 45.11830232209981
2 63 69.01586529599001
2 64 60.08058365417259
2 65 55.44022564538314
2 66 71.89331230736124
2 67 89.72975136458895
2 68 38.95499790925106
2 69 53.859794480226626
2 70 52.53640846032032
2 71 95.7427806368872
2 72 38.48540252768914
2 73 29.26281753533651
2 74 97.07329033618957
2 75 29.57324715987948
2 76 71.47364687408154
2 77 86.72211001689
2 78 55.06068075163239
2 79 80.21956171013437
3 4 28.166735706475574
3 5 99.36211838892345
3 6 62.856137213701935
3 7 83.06597058560904
3 8 70.26115969780506
3 9 38.73223879666221
3 10 92.46316408776013
3 11 91.08453365793693
3 12 91.66208807431349
3 13 94.35643961286287
3 14 87.32640833814195
3 15 57.87113473137793
3 16 54.628015229968426
3 17 25.56658776494008
3 18 47.50650177516424
3 19 49.07360472469718
3 20 95.61146900257037
3 21 25.83589576764366
3 22 51.480896374078185
3 23 53.494650137527486
3 24 44.55669817652292
3 25 80.74847906100024
3 26 36.947394577181356
3 27 65.53273247382762
3 28 68.93764603334517
3 29 87.01670417875778
3 30 60.18893091776842
3 31 40.94726603292272
3 32 70.97526978392472
3 33 49.777240867801034
3 34 66.13545675882382
3 35 56.61899514653235
3 36 22.798892490960885
3 37 23.86434195433055
3 38 31.137476179127937
3 39 36.314943746107495
3 40 21.454481490802948
3 41 96.68196587902054
3 42 51.54568993361568
3 43 24.190557170134646
3 44 20.92258726918199
3 45 30.493153865464507
3 46 42.39636909777243
3 47 37.5657572429704
3 48 35.0346605182455
3 49 52.31835990102092
3 50 76.08638986405734
3 51 61.84665766137597
3 52 84.39847054324763
3 53 92.43707887941225
3 54 44.65988612575278
3 55 52.10027062049426
3 56 60.46709133947307
3 57 43.0616705047823
3 58 88.4021305747616
3 59 25.49519012124663
3 60 68.82786389767264
3 61 26.43868708486127
3 62 90.67538834423894
3 63 83.44685010141
3 64 43.97204643079016
3 65 63.760928159683544
3 66 61.993719517554226
3 67 61.932274511497106
3 68 44.358585415058094
3 69 26.953632639898206
3 70 33.78579525026335
3 71 32.94081967365378
3 72 87.98106846068768
3 73 73.3629715790767
3 74 81.23015297665575
3 75 23.67088421652781
3 76 57.46970873639499
3 77 70.18444920454459
3 78 27.5090252488178
3 79 70.14421245696207
4 5 59.480576568719734
4 6 85.79312365557871
4 7 86.61348415350261
4 8 74.5362915258068
4 9 87.20482430469119
4 10 90.05204548027571
4 11 40.88003163148025
4 12 29.70513551047179
4 13 83.41426633181362
4 14 81.22434859617344
4 15 56.80244830770171
4 16 93.71039605674537
4 17 41.756540118106756
4 18 25.761103420560836
4 19 67.57392078262453
4 20 75.38906061315396
4 21 45.791489835499604
4 22 56.144418222951266
4 23 49.43708892645526
4 24 57.288163478441135
4 25 63.846562417445995
4 26 57.509920352375595
4 27 69.64842640670855
4 28 29.722755430724874
4 29 74.45297531322042
4 30 80.70349041820194
4 31 84.50565132180972
4 32 71.59740220636684
4 33 50.23521216673154
4 34 26.918041915411095
4 35 67.5684480898973
4 36 93.41316038430725
4 37 23.519257812840635
4 38 73.70851020425377
4 39 26.394605884739228
4 40 24.185476583866183
4 41 61.93539341052772
4 42 21.109127367394535
4 43 59.00800477427194
4 44 31.633719923602897
4 45 94.80213679942494
4 46 23.414506736489436
4 47 24.55645377516501
4 48 62.48697902988518
4 49 52.765665970098766
4 50 20.083048995132238
4 51 59.1843508769382
4 52 44.41839280819554
4 53 66.18384930324169
4 54 39.71620849775967
4 55 77.48276388757105
4 56 78.52500945114511
4 57 41.88522954913906
4 58 79.69409450692555
4 59 53.27057532293353
4 60 82.38378112971682
4 61 69.34810352255198
4 62 73.55252208356123
4 63 30.720103547770865
4 64 99.0082810932552
4 65 61.71629494259455
4 66 62.61920545918719
4 67 76.49136058213534
4 68 46.09217082584364
4 69 94.0052145558998
4 70 21.31266736140338
4 71 46.74934355473535
4 72 68.71742483790236
4 73 85.44316179527686
4 74 66.21541126314885
4 75 24.89492005840099
4 76 73.20216485255725
4 77 88.84392325242304
4 78 99.56497633668373
4 79 47.88080148558773
5 6 41.89906572812566
5 7 64.4719938625046
5 8 57.67731425837969
5 9 29.789373568377684
5 10 92.66168038821493
5 11 36.81872095975812
5 12 44.09960253044018
5 13 29.89562745274207
5 14 89.78608968325075
5 15 92.12981854065377
5 16 45.149946379226705
5 17 29.349263507309917
5 18 68.19793022706271
5 19 78.37025084804519
5 20 71.15620250999527
5 21 28.824502195996295
5 22 92.7513361342809
5 23 88.15805716736622
5 24 30.561243306146775
5 25 58.62204684231259
5 26 76.90592439889939
5 27 60.48582856700954
5 28 72.71269038113726
5 29 28.789585004706915
5 30 98.3981451342066
5 31 91.46732484396252
5 32 40.51194039908659
5 33 80.7921011759621
5 34 52.557678121541294
5 35 23.879931894395625
5 36 80.73000398719793
5 37 80.87856852337632
5 38 49.32330083157485
5 39 69.09827622697625
5 40 22.709486877016502
5 41 57.850717284092624
5 42 87.50218279575674
5 43 71.63431016075069
5 44 71.77031533539787
5 45 76.03027341903226
5 46 86.82387142302463
5 47 82.42688203008608
5 48 38.47899822229187
5 49 21.49022711979154
5 50 56.93194272424813
5 51 96.651436705063
5 52 71.01558732399168
5 53 30.10749834135097
5 54 25.182931117753668
5 55 42.745569599103554
5 56 51.772594744572366
5 57 69.40145891580214
5 58 87.33853871857916
5 59 78.23423912967385
5 60 77.026039277456
5 61 90.1257987630312
5 62 85.70049151012817
5 63 31.43367606264894
5 64 52.87078316916947
5 65 32.507358867697604
5 66 98.55104511925516
5 67 76.94871104479327
5 68 52.63696091279331
5 69 58.24007830005761
5 70 54.52424624516205
5 71 62.499635723382035
5 72 61.106235001796215
5 73 95.63051100304403
5 74 79.97126529566192
5 75 61.70819912703009
5 76 75.40261209992785
5 77 72.44282458339529
5 78 26.04783516067294
5 79 31.17910998210047
6 7 25.839959810821796
6 8 20.19049433179017
6 9 74.70383725402304
6 10 87.07950144510181
6 11 46.96709837449472
6 12 71.11228861348852
6 13 77.76453463812663
6 14 79.40979651246201
6 15 80.3532185902005
6 16 64.56249406347683
6 17 40.436994244674416
6 18 65.35431533830476
6 19 42.135365631051826
6 20 42.62248080718942
6 21 64.02813441761766
6 22 22.962471904630704
6 23 90.23929256000457
6 24 90.91779018031856
6 25 61.3577522155802
6 26 86.09628839063372
6 27 26.972886595622143
6 28 90.94298906918966
6 29 48.20244595907107
6 30 44.37823658454447
6 31 64.33052301023193
6 32 98.34306884088248
6 33 81.61212479051338
6 34 40.868781342116655
6 35 75.17440893651911
6 36 80.15903504720482
6 37 50.10994251691342
6 38 65.32046707944824
6 39 93.22772522476026
6 40 20.573966651775866
6 41 86.94919923870695
6 42 74.02637969136107
6 43 80.5483606205703
6 44 91.0455643244925
6 45 76.53116385488079
6 46 37.71925911293244
6 47 39.45551752851821
6 48 58.95578167761314
6 49 63.43459178751519
6 50 65.91402706375762
6 51 93.11832613899112
6 52 62.63483034973379
6 53 31.133791349332085
6 54 97.42139938261053
6 55 36.5639072982384
6 56 66.12993020920769
6 57 24.280772766848997
6 58 25.21062825383268
6 59 29.07068484915292
6 60 57.46585908986753
6 61 83.27613808617889
6 62 45.630703067995746
6 63 25.6187834848891
6 64 92.92856047700202
6 65 33.261051690386346
6 66 55.38402940653726
6 67 20.41093277753367
6 68 51.42686017208378
6 69 39.05952411268285
6 70 36.47541108115546
6 71 65.03405432028248
6 72 69.0590855378067
6 73 94.88075863912026
6 74 97.72372329872228
6 75 99.23741574528842
6 76 70.48720426017843
6 77 44.024325352158144
6 78 31.825505373537737
6 79 37.31288938930061
7 8 73.12568384114206
7 9 75.06165474699131
7 10 92.29465115347725
7 11 96.78323080032568
7 12 89.17232126924483
7 13 49.51798109483125
7 14 32.06412850411511
7 15 81.12236555368055
7 16 62.675590243443644
7 17 67.50041949918256
7 18 67.46204750319023
7 19 72.72907193821435
7 20 79.69100234743037
7 21 56.35227000580762
7 22 32.987118701830894
7 23 23.298482043658694
7 24 71.41567233680667
7 25 28.663424888644144
7 26 73.61841695032595
7 27 83.50720130511016
7 28 53.78663465433584
7 29 43.26983733890415
7 30 88.52609184924175
7 31 36.92612953711791
7 32 80.03425987869922
7 33 25.41525649572182
7 34 90.40307289785122
7 35 83.77946763829365
7 36 30.16757470216273
7 37 44.966385673617346
7 38 23.627441599963063
7 39 95.70815746606503
7 40 79.5053351457511
7 41 56.70861754773298
7 42 74.97514802363467
7 43 92.8147877854414
7 44 85.79655507074499
7 45 23.771321900215632
7 46 61.70166039185739
7 47 87.34936890795437
7 48 76.11575076899555
7 49 26.594765188031523
7 50 38.071079796580264
7 51 76.62549788175306
7 52 44.56876989037801
7 53 59.74407275735386
7 54 99.8046315306029
7 55 75.32440582064122
7 56 51.54621332544777
7 57 92.45709719730131
7 58 72.2519912631573
7 59 56.26222890664199
7 60 46.019252879570935
7 61 47.819977077026614
7 62 30.718832143459167
7 63 41.401825868185384
7 64 80.10703438877493
7 65 88.41198013172429
7 66 44.96260478400471
7 67 49.15011847087094
7 68 23.992007785884375
7 69 88.53190926826497
7 70 42.44751327468097
7 71 34.3382316523703
7 72 78.69837948158674
7 73 91.51516743456274
7 74 56.91142433942915
7 75 80.35448695836833
7 76 26.88671730486145
7 77 55.504931025111404
7 78 98.81580375907927
7 79 58.67655264956083
8 9 85.77660697142076
8 10 79.88938200659234
8 11 54.376332693848674
8 12 43.90954779098148
8 13 42.24829164933661
8 14 61.52232941626739
8 15 27.674895855490913
8 16 24.84853075317445
8 17 87.28177824182629
8 18 62.27473870707576
8 19 21.734280288318804
8 20 29.247409559178486
8 21 98.42964230746477
8 22 92.8347705442062
8 23 69.58707034305726
8 24 79.09100217571168
8 25 38.26614767677084
8 26 77.97770794792693
8 27 85.8004573178181
8 28 82.66999321356926
8 29 69.73692778788559
8 30 66.21214658432278
8 31 62.35523382425253
8 32 45.07167358402678
8 33 62.34665108099372
8 34 29.59769045657545
8 35 76.56206980901578
8 36 91.9721464384441
8 37 82.36229226143766
8 38 49.190321669860936
8 39 68.4438763305393
8 40 29.889967589595532
8 41 91.75724521125557
8 42 62.64366095598686
8 43 74.31088868054935
8 44 52.8170693876512
8 45 24.06342901693452
8 46 56.993574982078314
8 47 92.23897473997032
8 48 26.484192651154235
8 49 70.3898563581679
8 50 56.98094609419195
8 51 97.02556915186142
8 52 28.93733375347015
8 53 96.787386061956
8 54 86.99130698090957
8 55 24.781442223947323
8 56 79.49189561045499
8 57 66.39985901590929
8 58 52.95637658173328
8 59 45.461075999506676
8 60 97.36335860991245
8 61 67.83797270017678
8 62 73.67109182223953
8 63 59.45178436680624
8 64 52.410008467873894
8 65 70.89038676113982
8 66 79.68814643893364
8 67 95.78103352577345
8 68 63.868511834739635
8 69 28.115240428962885
8 70 50.19055379920456
8 71 73.67635634193294
8 72 26.871061742816877
8 73 68.0130299021556
8 74 39.11004839908621
8 75 37.21319234681046
8 76 83.32735608770172
8 77 56.154165510044095
8 78 21.009567513780105
8 79 51.385878704427405
9 10 33.64241002318214
9 11 36.76670709932016
9 12 33.74262499201805
9 13 88.9476331114643
9 14 81.87949952116861
9 15 60.39645656777787
9 16 66.0509046074398
9 17 98.02321360172863
9 18 63.93870401555751
9 19 40.18489545680652
9 20 47.05846491610898
9 21 35.41267286480077
9 22 78.35396945460819
9 23 38.84859001820569
9 24 46.97349218025552
9 25 86.13368869670359
9 26 84.26542578443518
9 27 20.20919463435961
9 28 69.64620765813571
9 29 99.92297891034181
9 30 83.62152539766919
9 31 45.928210652022166
9 32 60.4742173734461
9 33 89.52443800993038
9 34 97.0792865252841
9 35 91.26787392728572
9 36 56.76464622793385
9 37 26.623321432559504
9 38 34.541159980187146
9 39 50.87889702816366
9 40 65.46141831191682
9 41 76.44182655516454
9 42 20.40283708595019
9 43 51.53439975287106
9 44 44.465899069529215
9 45 91.24585735594246
9 46 81.89508131029535
9 47 86.61570053246722
9 48 93.51511823715363
9 49 75.28753056719249
9 50 24.246011139715815
9 51 63.06711531571242
9 52 57.52751156796299
9 53 21.143763587373662
9 54 77.04059388131122
9 55 84.15244473859579
9 56 34.92258762395722
9 57 91.21771723261175
9 58 91.59481454574569
9 59 50.2097617356509
9 60 84.63815118321008
9 61 78.94313458228251
9 62 24.361632769288093
9 63 60.342613156332135
9 64 58.34669642819516
9 65 48.734164387224396
9 66 60.43270002543203
9 67 20.86177913259135
9 68 73.52397526936291
9 69 90.57012824648851
9 70 48.631230346553316
9 71 41.915292370853365
9 72 61.33839733644038
9 73 41.22068623266366
9 74 45.91660497328096
9 75 35.894753528674926
9 76 84.60994062540645
9 77 27.817125180014408
9 78 96.7955137500808
9 79 61.37136752397953
10 11 97.34781759977336
10 12 80.07429853310833
10 13 37.109600160605794
10 14 48.13516498621513
10 15 28.074102289668296
10 16 68.55941201413316
10 17 43.64766671622181
10 18 98.03779511112234
10 19 99.46874608959598
10 20 89.44377652420242
10 21 41.33407719188092
10 22 46.75825778566522
10 23 54.445762825254775
10 24 22.0847745310017
10 25 78.64288796263963
10 26 26.104828704514446
10 27 51.06173346680383
10 28 90.07861197090584
10 29 37.99894607911383
10 30 52.46740899630038
10 31 74.7027624331109
10 32 73.30695229293619
10 33 70.26603444053634
10 34 38.057303708020946
10 35 92.00751933546333
10 36 30.796323435776838
10 37 91.8974723202655
10 38 31.19651413375891
10 39 83.22921197523334
10 40 37.30461815314185
10 41 54.53074394892552
10 42 30.08581825183306
10 43 86.41788114951243
10 44 28.223569088866327
10 45 79.78934356029504
10 46 22.28269903335935
10 47 99.36315794041502
10 48 90.0505651443302
10 49 90.98160023024141
10 50 86.13581835450347
10 51 32.63380204726115
10 52 57.59278163862739
10 53 26.418163689574925
10 54 86.658715705297
10 55 77.75055242761162
10 56 46.66277349385899
10 57 87.26168813033533
10 58 23.750101875736036
10 59 95.68787991624185
10 60 52.46324587797737
10 61 85.62571785269728
10 62 54.75253740136192
10 63 85.75453476470518
10 64 20.05632005449157
10 65 98.96591303247853
10 66 32.69327175507215
10 67 62.518315718295625
10 68 89.7891663064161
10 69 43.80228130077734
10 70 35.91561489590124
10 71 37.718108542192034
10 72 78.49606495300742
10 73 83.46709051580795
10 74 82.17187506261988
10 75 55.83231555504583
10 76 23.347444790672547
10 77 58.073223509056064
10 78 98.78073038151594
10 79 78.84923911938768
11 12 32.300603612511026
11 13 96.69363851115779
11 14 42.13736048958741
11 15 45.73764644752737
11 16 71.658275310532
11 17 37.597569863888474
11 18 80.9299320837058
11 19 30.54083828263022
11 20 98.28536158353488
11 21 53.332480760753924
11 22 33.69867877936434
11 23 28.03973474589788
11 24 79.78991190252599
11 25 25.975364668197763
11 26 34.60714758682036
11 27 78.55493778077108
11 28 45.7508233501467
11 29 33.84625733076055
11 30 28.497784363393322
11 31 39.39693854589049
11 32 40.274431097422806
11 33 57.995903275206125
11 34 47.883036806000305
11 35 66.9986414740251
11 36 98.56244998410405
11 37 30.718242027438407
11 38 51.190444932234556
11 39 84.40557677050049
11 40 57.77385370241735
11 41 86.85579746662371
11 42 20.201695615929136
11 43 84.64459335535855
11 44 25.177080205322262
11 45 81.99182720643697
11 46 60.54753165824083
11 47 67.4895431927464
11 48 67.21257520305058
11 49 86.56335195990908
11 50 32.96730503410554
11 51 33.91035385859274
11 52 52.224779667010424
11 53 26.44430567409681
11 54 39.00832376505737
11 55 54.07936921664189
11 56 21.62496008173342
11 57 60.28853389053205
11 58 83.25098196014721
11 59 34.32980594153434
11 60 22.72922770405467
11 61 50.43037856776586
11 62 32.32824441372483
11 63 53.55435622628305
11 64 26.457958456462745
11 65 53.51897273355195
11 66 72.24770183854673
11 67 52.62648736397339
11 68 33.47902442236848
11 69 83.63657092855107
11 70 97.65980647371981
11 71 71.73001752814723
11 72 66.34398146113762
11 73 36.564724492825995
11 74 81.76690752213058
11 75 94.89275015103773
11 76 68.50748377236411
11 77 27.77130057147459
11 78 61.487591618558106
11 79 68.56466431084272
12 13 45.89128535692573
12 14 78.97842759984023
12 15 46.15066928787914
12 16 90.3753100068205
12 17 54.57208915099262
12 18 77.05471882309052
12 19 76.42276106886868
12 20 59.43282251010772
12 21 76.32313950162597
12 22 98.08661886569487
12 23 79.08652479495214
12 24 86.12342242438058
12 25 72.04867679287403
12 26 57.69406809235847
12 27 23.252903840967186
12 28 60.935501550083806
12 29 78.08581700686776
12 30 39.93097999407838
12 31 71.73279437378866
12 32 92.14377178793586
12 33 42.61517799318631
12 34 76.32486113071057
12 35 66.06583682224363
12 36 44.89390025025463
12 37 79.73172345654795
12 38 58.69964345886824
12 39 77.95876584215762
12 40 50.92266164161824
12 41 25.52080200377027
12 42 37.742233674389574
12 43 77.75159734216311
12 44 69.5423271668725
12 45 60.23820299323347
12 46 41.98253603611738
12 47 54.89510450038743
12 48 38.46063444185666
12 49 26.123527434501757
12 50 59.99551836480024
12 51 62.157298186280514
12 52 24.625728624828653
12 53 58.340713841748254
12 54 58.97480158617956
12 55 84.65110029758868
12 56 94.09235088917514
12 57 41.20005560485233
12 58 93.89589379229206
12 59 96.9297936439553
12 60 88.94312021518499
12 61 77.12826538891792
12 62 64.2085191201615
12 63 85.48703110755659
12 64 26.190189124717058
12 65 49.291593344919875
12 66 86.61092675668199
12 67 72.3902628090944
12 68 50.31120147716926
12 69 92.04389968783205
12 70 80.8361332878156
12 71 53.38652046345706
12 72 91.80069534168881
12 73 74.9815167638541
12 74 31.433852556348924
12 75 39.42501874703503
12 76 84.59228182332984
12 77 40.52255410443152
12 78 28.0648081354755
12 79 82.96300525635576
13 14 59.602300235408386
13 15 32.525282747316226
13 16 86.72092713754515
13 17 82.93980579695484
13 18 73.62577813206505
13 19 53.76353231730738
13 20 73.08874258029374
13 21 34.99504503954735
13 22 46.24811594223406
13 23 41.93152596339897
13 24 39.0168778587355
13 25 80.9404985556479
13 26 23.814396018122174
13 27 45.236751629636565
13 28 36.332234903028564
13 29 35.76424794644503
13 30 82.64951469054917
13 31 92.42170549462469
13 32 35.73536514933853
13 33 39.89830897210701
13 34 94.23117386564039
13 35 23.724935867847535
13 36 92.54350986333365
13 37 34.68919670234051
13 38 22.841922650986845
13 39 58.855507581807885
13 40 91.43017949911447
13 41 75.28864870757843
13 42 34.950891447695575
13 43 95.3387977474055
13 44 63.91840624424099
13 45 20.617419361553146
13 46 64.72257092148837
13 47 64.11365620821026
13 48 91.47960419832474
13 49 33.32734650040184
13 50 61.34725462080222
13 51 39.5177062878333
13 52 99.9000852590482
13 53 48.735575318401125
13 54 35.049636393513595
13 55 42.86546858048352
13 56 96.9126294368558
13 57 29.445342340771667
13 58 56.529906693219615
13 59 84.51025712136337
13 60 91.4248703345769
13 61 25.9403452908664
13 62 25.880759605086396
13 63 53.68535633600533
13 64 62.78516103537058
13 65 21.926255135298717
13 66 97.1744756289677
13 67 36.40677161169865
13 68 63.22616023519734
13 69 97.59652606711691
13 70 83.73347373865563
13 71 23.906749376126548
13 72 69.71300100257355
13 73 24.955153933235124
13 74 67.79834881409431
13 75 40.14564881612219
13 76 88.08551171662499
13 77 46.65439324508709
13 78 78.54680744275592
13 79 89.32458979589325
14 15 66.33889711515866
14 16 95.15375346059326
14 17 75.43172376661536
14 18 57.50064266519526
14 19 91.73859224620928
14 20 42.25808830459961
14 21 99.57152117362158
14 22 33.48358076827172
14 23 69.59042445285536
14 24 96.31436769483231
14 25 63.65817444437756
14 26 42.86425040938592
14 27 56.11614971350289
14 28 94.71571985311168
14 29 47.60170817982481
14 30 34.33455744440124
14 31 70.91275533020944
14 32 26.171027318539508
14 33 78.41873455361461
14 34 56.992247340967126
14 35 82.33065418675656
14 36 84.5827061919369
14 37 77.60716131235408
14 38 87.87931994015297
14 39 30.67495454261892
14 40 67.04556799932917
14 41 39.58940181808419
14 42 41.34358321845517
14 43 93.89010917149474
14 44 42.752075005079924
14 45 65.96102094537602
14 46 33.51486871896026
14 47 98.08467996228639
14 48 68.92516629270219
14 49 75.56985385672087
14 50 25.202701578193462
14 51 27.612342057825074
14 52 93.3755157848492
14 53 89.92710022979067
14 54 78.74121975589341
14 55 23.093114874698486
14 56 53.952239540510654
14 57 88.61744108605392
14 58 46.32938332606493
14 59 38.3957756006608
14 60 37.76459282802648
14 61 32.261710635472824
14 62 47.900526174556575
14 63 84.73901782719142
14 64 78.19755549487587
14 65 63.08515525313413
14 66 58.165936507575104
14 67 57.94244119926546
14 68 52.82519209530697
14 69 55.16976321536777
14 70 37.32255477494971
14 71 51.706155543255655
14 72 72.58697592036702
14 73 99.45349398242413
14 74 38.32098931766848
14 75 68.9637853020708
14 76 81.76448750247187
14 77 97.71369368437594
14 78 62.374019955068746
14 79 25.663789664720838
15 16 82.05413162235119
15 17 21.50072130981206
15 18 74.62355485845977
15 19 66.1101761441481
15 20 30.55819866445706
15 21 77.89789016410057
15 22 38.26780756941076
15 23 80.98288073309789
15 24 88.13346832805635
15 25 22.498424708740863
15 26 41.61317389540098
15 27 70.46118651699729
15 28 72.31347323830572
15 29 40.596064871036035
15 30 96.47986998606461
15 31 50.65551170444387
15 32 28.058396241893135
15 33 97.81655711803663
15 34 89.75387496522733
15 35 54.09388559724577
15 36 95.24064464948884
15 37 52.43014401963872
15 38 48.03597735339588
15 39 88.44017684490993
15 40 25.179197818479295
15 41 77.39226035273562
15 42 48.46900622600384
15 43 33.71883749229069
15 44 31.394587949906327
15 45 73.25124157723631
15 46 36.663451110104894
15 47 82.964576587675
15 48 60.250705693948106
15 49 52.54307241493887
15 50 70.43112343780825
15 51 23.944018858759186
15 52 25.684760776933906
15 53 62.22862143863138
15 54 65.77619299558151
15 55 20.618149979364937
15 56 26.886143100584885
15 57 33.99206857191245
15 58 26.748439491730203
15 59 90.70438397020072
15 60 60.97492341558885
15 61 92.99199949718891
15 62 65.04717552058412
15 63 94.05861461252474
15 64 42.59782382036346
15 65 44.980102465869194
15 66 88.78479546356206
15 67 38.7087894091606
15 68 36.47974565567813
15 69 22.170051468496172
15 70 51.11218540659435
15 71 48.64773603993164
15 72 80.3818978230234
15 73 90.90042918693584
15 74 34.34947969324983
15 75 46.84654772042501
15 76 86.45553151440646
15 77 70.72331615400623
15 78 35.14768169081901
15 79 80.20906878244654
16 17 84.14272455048226
16 18 27.14844346783049
16 19 94.72540307257675
16 20 52.56246556934413
16 21 94.90267971002167
16 22 76.04614699055345
16 23 77.90382980375372
16 24 45.82430338884306
16 25 88.03816732102159
16 26 60.4875278382967
16 27 81.28891150109551
16 28 64.70582611014855
16 29 60.0229116095809
16 30 51.196898797099735
16 31 64.85687249146477
16 32 59.05595136420354
16 33 87.88594042731043
16 34 71.63957778066565
16 35 94.67643134554112
16 36 80.75981553478101
16 37 20.181883228669477
16 38 40.284159271496506
16 39 53.8316739401995
16 40 92.8152166869806
16 41 63.32586514973599
16 42 75.30441080571461
16 43 57.54639576101206
16 44 88.04004922232406
16 45 86.30364028296026
16 46 38.63693117468975
16 47 63.672542163536534
16 48 87.25985226470516
16 49 57.008797331853174
16 50 61.45095916389571
16 51 50.77950999928241
16 52 23.062731422498697
16 53 72.24258845127775
16 54 43.66371204821553
16 55 56.8263463785365
16 56 90.61769790530359
16 57 54.22634483913042
16 58 35.90749885273937
16 59 43.56584074800534
16 60 80.84932189527487
16 61 34.81564646423472
16 62 63.414784599791936
16 63 37.87067612198716
16 64 32.904917064326554
16 65 29.591511414137692
16 66 57.73889444710554
16 67 99.53393901558785
16 68 36.65237802714684
16 69 93.98892553312278
16 70 65.130846540791
16 71 99.44255555692811
16 72 27.510455610221687
16 73 86.63595160414818
16 74 81.55598492228557
16 75 55.48629652962291
16 76 92.73744554381464
16 77 95.74050422339704
16 78 38.69856398885152
16 79 64.16646747345624
17 18 92.74788704762175
17 19 39.33423452775915
17 20 63.23464759210295
17 21 65.46430053150421
17 22 62.697553043959175
17 23 30.67787688673271
17 24 86.85187755530879
17 25 23.836012463930032
17 26 61.99567893516714
17 27 44.01536609453239
17 28 56.94057106773218
17 29 76.34275147601926
17 30 62.93706581484962
17 31 88.13567149760746
17 32 54.71875790623721
17 33 90.04984660272717
17 34 65.23604842078366
17 35 44.7121558444899
17 36 92.98832041123335
17 37 61.562981503323954
17 38 33.630646216134075
17 39 35.90378484508699
17 40 87.96948241045334
17 41 55.2488075264845
17 42 96.70064125249134
17 43 22.088759271044687
17 44 60.499943346999515
17 45 32.950397114238825
17 46 25.830415695182822
17 47 30.64425017109402
17 48 39.1454706141331
17 49 22.199711735143932
17 50 66.0764404175385
17 51 42.25057935801019
17 52 49.13683528824086
17 53 31.937810309993864
17 54 89.8687853293875
17 55 87.74521715100873
17 56 49.73771883086121
17 57 41.98695556550546
17 58 70.18084477686571
17 59 40.92882711468647
17 60 72.10002450537479
17 61 93.90116451667927
17 62 51.116346243868534
17 63 89.56028088180658
17 64 41.91683333774462
17 65 31.542291803259417
17 66 79.86885833058548
17 67 88.86607762132903
17 68 22.684361829777888
17 69 25.249499325560585
17 70 22.841788640915752
17 71 59.48201292333921
17 72 91.08207765048962
17 73 42.67858727277164
17 74 70.45328312441322
17 75 22.064206169191316
17 76 47.10028660089257
17 77 95.94285390331879
17 78 53.33105324611431
17 79 72.88686056151923
18 19 27.89483425997301
18 20 28.579306874467143
18 21 44.13782030310931
18 22 79.6533543260425
18 23 29.055257758000685
18 24 30.69179735430673
18 25 34.852802610603355
18 26 38.614598024140456
18 27 97.26699718289373
18 28 26.401678254203425
18 29 91.83480916988385
18 30 27.036376240547515
18 31 31.23998646012823
18 32 75.00616406194871
18 33 65.31535316118865
18 34 89.85269570642751
18 35 73.75495413877857
18 36 92.04302260888522
18 37 84.52630008137375
18 38 92.5682235370052
18 39 34.754793897282894
18 40 43.413929268897235
18 41 34.097367413885266
18 42 60.381662495071865
18 43 32.766752913816426
18 44 82.5054380302362
18 45 66.84425160413002
18 46 69.36480650707279
18 47 83.72628851282973
18 48 34.99760611163934
18 49 54.826876658081815
18 50 68.78527962060593
18 51 96.67852053633128
18 52 61.90012591642639
18 53 25.32182499534846
18 54 48.867812540996724
18 55 50.56349435835795
18 56 71.23550003319528
18 57 55.49019481490299
18 58 35.27668918967106
18 59 96.76457178505588
18 60 35.64995550050459
18 61 40.77622296300351
18 62 88.59409157053437
18 63 99.68069605154628
18 64 30.626655667239532
18 65 59.454387988735135
18 66 87.70213108062723
18 67 84.2340155707563
18 68 54.81146983257059
18 69 72.11899062408989
18 70 49.20594493598627
18 71 40.530035049415176
18 72 65.08886362515197
18 73 39.75834669449833
18 74 48.31183671799828
18 75 24.160598993718565
18 76 96.31359855210333
18 77 26.950909212586005
18 78 68.9301570642267
18 79 48.57274304557916
19 20 57.63252068771719
19 21 51.14519704953672
19 22 72.14926228834518
19 23 95.07457592977715
19 24 84.76882249466392
19 25 22.099027400737626
19 26 82.84496021377879
19 27 96.22222861442397
19 28 89.16903655692644
19 29 79.39520983932557
19 30 22.280734190326854
19 31 68.27554381632913
19 32 38.60265069073244
19 33 40.52767809701785
19 34 75.84049523495798
19 35 37.03933340335118
19 36 21.145517459210428
19 37 64.69295033790385
19 38 61.327577636538415
19 39 87.39617682444216
19 40 61.92268736319868
19 41 40.19088994646724
19 42 55.890213609647944
19 43 30.042828837360638
19 44 78.89072531589306
19 45 57.27846938688331
19 46 29.563061901728595
19 47 83.80709415409899
19 48 40.756575676829016
19 49 51.81841096570864
19 50 91.63277856026157
19 51 82.83828662380404
19 52 94.14446338575394
19 53 88.46799104834376
19 54 87.91980698646
19 55 21.977519091500028
19 56 42.555336134955446
19 57 61.33149454825724
19 58 61.137399426571235
19 59 75.53672118355946
19 60 50.649350573182105
19 61 53.72009623814393
19 62 66.10157499575914
19 63 36.45358161525727
19 64 26.932349667848563
19 65 55.50293067556187
19 66 63.539908147418735
19 67 88.18068254629237
19 68 66.53811722225947
19 69 61.059988957540384
19 70 96.38899614940671
19 71 24.932448247097874
19 72 43.73381420361569
19 73 24.30020094798767
19 74 34.2575756512591
19 75 71.45437780444107
19 76 40.7419817404127
19 77 55.30192779046199
19 78 54.945670058359994
19 79 68.28873821434087
20 21 23.171685841480976
20 22 66.96042274717266
20 23 52.828629053492016
20 24 32.61098884939315
20 25 52.28494986692848
20 26 40.1293522260803
20 27 52.623803431050845
20 28 60.78950077666405
20 29 40.69656606917203
20 30 29.963208107233914
20 31 93.36409904527903
20 32 23.716452997295345
20 33 85.55402279495624
20 34 69.91194926811119
20 35 98.95920186961011
20 36 88.38856333741691
20 37 51.2300750891136
20 38 73.22776913503759
20 39 40.65628298045758
20 40 48.42824274880212
20 41 24.693725175147996
20 42 77.2196965616845
20 43 95.70107765387546
20 44 76.90859044991404
20 45 32.341363833359765
20 46 56.9344989701871
20 47 21.268196794250063
20 48 56.25368823739498
20 49 94.1829873405232
20 50 76.35737646913583
20 51 72.4551428328604
20 52 34.88897993996309
20 53 82.1353080037791
20 54 24.446411391427247
20 55 98.77219587003631
20 56 67.23123508191225
20 57 54.55065776859894
20 58 25.721487574399077
20 59 68.42298149337516
20 60 31.600549156493997
20 61 23.801237123450917
20 62 83.57099829858797
20 63 98.56277124468059
20 64 84.80343691112641
20 65 78.47004427959824
20 66 61.08062327625294
20 67 30.933393815320596
20 68 22.353892608399484
20 69 84.90431589391869
20 70 87.11103860470422
20 71 58.74409389232619
20 72 50.32986776491285
20 73 72.70804611520035
20 74 64.32370837171743
20 75 22.954003613388075
20 76 25.80693650240533
20 77 27.846992010504135
20 78 22.242996234738335
20 79 77.34923241987212
21 22 77.8914658153596
21 23 77.22696797963619
21 24 31.050889148068094
21 25 27.744930723957744
21 26 58.695139549867115
21 27 69.93308706812006
21 28 57.19014685194394
21 29 96.38453944462269
21 30 34.17808119776565
21 31 60.7881593499718
21 32 25.092753689614284
21 33 68.61129137660926
21 34 66.39991639455451
21 35 41.706695199085424
21 36 95.45923648511143
21 37 26.755676208192007
21 38 23.650651478384603
21 39 48.399556437019896
21 40 71.47497967909575
21 41 69.72347457989734
21 42 23.294329262902806
21 43 75.978048374119
21 44 97.09387544726863
21 45 84.23560317401643
21 46 39.453800450852725
21 47 52.25754029846751
21 48 49.641482250326646
21 49 51.34514550087725
21 50 49.70197874323998
21 51 57.48365369382818
21 52 95.22606617113664
21 53 31.314644302140053
21 54 40.13087526665483
21 55 28.623847105888736
21 56 54.98104327705536
21 57 32.49998730230558
21 58 90.64235945820415
21 59 49.94032214699064
21 60 29.92641203168376
21 61 98.07530868954179
21 62 65.950897405635
21 63 26.262963880966453
21 64 30.589187354545864
21 65 83.38819716827047
21 66 65.22935036915732
21 67 80.23123933664161
21 68 35.58070124957304
21 69 91.9209192637837
21 70 59.135831995181675
21 71 95.924675470515
21 72 70.11489158128981
21 73 84.65653114872966
21 74 91.16462380948556
21 75 86.67243850545287
21 76 43.422476552627984
21 77 95.36500962893525
21 78 37.33565846244132
21 79 28.51253634774792
22 23 68.0449416216432
22 24 97.80572053139169
22 25 76.74390623373283
22 26 33.377369284319684
22 27 83.74234169969228
22 28 23.631855555797863
22 29 54.03738233547627
22 30 25.036517913733995
22 31 40.03106175073043
22 32 84.28329154989731
22 33 81.96390050208865
22 34 28.723946941563128
22 35 91.23058533723183
22 36 35.83388680619397
22 37 70.12942155267024
22 38 66.7494179482965
22 39 55.61091138976596
22 40 62.72719604089338
22 41 29.64117267016194
22 42 76.21072125958003
22 43 40.94924093484704
22 44 40.25537471914981
22 45 85.05404716014921
22 46 42.29131284449346
22 47 32.68264864297986
22 48 79.62719792515432
22 49 78.01633940324561
22 50 82.16232818018875
22 51 70.45909746921656
22 52 23.3186508691006
22 53 27.712054610923236
22 54 92.1089126749881
22 55 96.76092905982159
22 56 97.26232442736568
22 57 46.539757520138345
22 58 82.43128041733057
22 59 62.32738202012047
22 60 32.737678455861705
22 61 30.28835345032099
22 62 39.46598282403785
22 63 96.36868837659685
22 64 26.953922379128457
22 65 54.592222265082945
22 66 64.97257835375589
22 67 80.61288651102379
22 68 59.05529375689366
22 69 30.23636954208932
22 70 98.3227165376486
22 71 56.50373817662179
22 72 70.80771482669255
22 73 80.81798827889006
22 74 45.352786640685196
22 75 69.0025337142315
22 76 29.832551543035137
22 77 94.13025765861966
22 78 79.10436642119757
22 79 62.660929822941384
23 24 53.88311044532051
23 25 52.4598470973753
23 26 67.06813061420158
23 27 20.84511686750779
23 28 58.88892509281709
23 29 82.12916908705242
23 30 77.86633026611037
23 31 68.48190087874337
23 32 71.91125825629697
23 33 21.27903065126248
23 34 70.85053471748981
23 35 82.14570178059809
23 36 56.347701754355484
23 37 36.585081658223515
23 38 75.91585951719047
23 39 62.1505905661658
23 40 73.27297090259762
23 41 45.43241652492537
23 42 78.79128042512632
23 43 25.01499898834507
23 44 41.426489300487255
23 45 60.16180512161063
23 46 97.34601645720974
23 47 34.72411937549815
23 48 65.86314200000578
23 49 64.39619844706692
23 50 78.40414626322399
23 51 47.16970271982426
23 52 24.24638956209307
23 53 62.24960662740415
23 54 52.1024929439788
23 55 42.63054350951801
23 56 93.452084330727
23 57 74.41256581282195
23 58 28.22281522287995
23 59 70.88214931907994
23 60 58.78954660044066
23 61 83.96012010424896
23 62 32.77884717327506
23 63 40.440050608432244
23 64 51.74988099000927
23 65 33.07536441199284
23 66 77.48977545378398
23 67 52.12102533656462
23 68 91.4708197180376
23 69 39.65040110818893
23 70 81.57239691405418
23 71 89.605616412924
23 72 29.54070435401934
23 73 55.42616985012312
23 74 56.88716463505909
23 75 40.27560497254222
23 76 49.364412013420456
23 77 32.62181595357355
23 78 82.29695091201363
23 79 96.97335249597623
24 25 89.08648592053976
24 26 98.80487925135715
24 27 79.09535381608214
24 28 85.69724005667874
24 29 64.66497563089061
24 30 71.57267511160289
24 31 38.0629261241248
24 32 66.3459147700586
24 33 44.422145530605206
24 34 90.0485277905979
24 35 36.56315934346164
24 36 94.34870565262814
24 37 28.811790019780112
24 38 76.81461724502427
24 39 51.65673020060936
24 40 79.54140583033828
24 41 64.27475632502161
24 42 78.94939924539543
24 43 75.30434057048242
24 44 53.577010420513446
24 45 84.16922114210205
24 46 38.424060883633324
24 47 48.78591294295642
24 48 73.66967801604774
24 49 37.89570908000741
24 50 79.29089148593752
24 51 58.59481645359714
24 52 85.31695562599779
24 53 95.52894314312864
24 54 99.3453506856497
24 55 33.25079443440934
24 56 67.5471703535931
24 57 82.92217310980703
24 58 94.00927382499655
24 59 55.84464902150337
24 60 21.769319976945212
24 61 58.54867893493893
24 62 84.13401520685957
24 63 66.6672762263708
24 64 66.39111178724875
24 65 75.26646113666996
24 66 56.73822773587204
24 67 92.76559515859871
24 68 76.99204502439517
24 69 29.392958180679678
24 70 54.48243709283815
24 71 77.13406532315338
24 72 63.78763700860802
24 73 41.918833619689366
24 74 72.12613849255992
24 75 41.204476094186056
24 76 79.51393382750891
24 77 40.47716037710531
24 78 86.53035464977677
24 79 46.914336985699386
25 26 85.07476428127858
25 27 64.30411744655592
25 28 63.876864771078424
25 29 27.785751738648816
25 30 68.67115322835453
25 31 97.18808381218335
25 32 56.86740467584009
25 33 87.87095080545275
25 34 69.9375214463682
25 35 41.7096478901425
25 36 41.02179178681382
25 37 68.46252467893386
25 38 97.83265169233371
25 39 76.5076869100319
25 40 97.07376877917068
25 41 65.13352281385036
25 42 46.960955505104
25 43 39.45164609244364
25 44 32.07258761544743
25 45 91.64671261627946
25 46 30.843328611449863
25 47 65.33056612366754
25 48 42.85694513900608
25 49 43.478923655965886
25 50 59.62421101173324
25 51 62.46842085837546
25 52 81.19261391055262
25 53 32.53628508393522
25 54 78.77923883872413
25 55 23.799159557640284
25 56 74.79286188734318
25 57 49.96532973809365
25 58 32.1196524601115
25 59 74.97891051052945
25 60 74.4668010572667
25 61 82.0862881093259
25 62 25.584143194372338
25 63 94.32502521691264
25 64 48.526171469594814
25 65 83.3812571612772
25 66 56.986367843016836
25 67 42.27734750570339
25 68 88.65105092454628
25 69 73.48657011424983
25 70 33.587604240361415
25 71 30.72245047400946
25 72 75.06825681405982
25 73 77.19379636407098
25 74 34.74568450260608
25 75 65.25668975063397
25 76 38.483042318663145
25 77 36.783353953275615
25 78 90.14221247560478
25 79 68.78597799624517
26 27 42.82516310790618
26 28 69.00067038771749
26 29 60.81058099665306
26 30 33.46113917394251
26 31 55.231731714323345
26 32 22.00799750384224
26 33 95.74336021847122
26 34 87.72461965119948
26 35 41.60816971773091
26 36 32.650645057746964
26 37 50.76094976295512
26 38 79.14396163431687
26 39 66.11415574704237
26 40 33.687072116404096
26 41 79.3201487392476
26 42 84.7745403612213
26 43 61.903488044486004
26 44 21.267680613869196
26 45 75.90153596973803
26 46 33.370657384314526
26 47 96.79004553833553
26 48 90.15981537665292
26 49 78.4281303919179
26 50 64.17694430503266
26 51 62.93120877725856
26 52 70.65602300962524
26 53 20.196817338209456
26 54 24.671056666252742
26 55 22.42994071878723
26 56 91.8140401372587
26 57 50.57502642649625
26 58 49.12839181144471
26 59 70.18950665438203
26 60 98.92231439086191
26 61 55.135425451606295
26 62 59.00456520228531
26 63 98.70111452086657
26 64 78.1228807486307
26 65 34.11940343599199
26 66 78.35713728667416
26 67 33.717462684570606
26 68 69.13151739108059
26 69 21.034798955268876
26 70 51.89622267636079
26 71 21.221540231022303
26 72 26.83725702191504
26 73 29.765035219964105
26 74 69.09641829053783
26 75 52.20921381680348
26 76 53.56893030047283
26 77 51.03422442147385
26 78 73.95670028565858
26 79 62.4454740938487
27 28 22.26305006485677
27 29 44.901202406488736
27 30 39.21812432330114
27 31 23.563785564885897
27 32 79.50586908375594
27 33 78.74427848602836
27 34 52.19025170949522
27 35 24.645524550010816
27 36 46.79861770011543
27 37 90.88533062777029
27 38 45.66420357953409
27 39 63.20054988707402
27 40 94.86053095878825
27 41 32.4785127260483
27 42 55.945442722403335
27 43 62.45775778855525
27 44 39.89763839868128
27 45 95.13618739054354
27 46 63.37385458577465
27 47 60.63993784669215
27 48 70.9251837369095
27 49 35.83598034469449
27 50 82.24746287028667
27 51 34.14667546207578
27 52 55.72710509889031
27 53 32.24704946563993
27 54 27.14566286215412
27 55 99.65033527104748
27 56 33.93764447062263
27 57 35.16355329083758
27 58 92.60446134367703
27 59 44.00241786530507
27 60 72.74865419655971
27 61 81.02061832521898
27 62 20.154521299468158
27 63 33.505286835918085
27 64 61.69083257413699
27 65 85.33354602414232
27 66 31.17136204912832
27 67 53.11406060058711
27 68 47.46067166357001
27 69 63.71598972184967
27 70 60.86779473961114
27 71 34.885741053704606
27 72 62.56876059193062
27 73 71.54227878932579
27 74 35.3707178382178
27 75 82.93646247172495
27 76 31.777812184662295
27 77 62.43901770789056
27 78 96.44637499627174
27 79 35.44937608985728
28 29 20.955664906319917
28 30 43.43604069845267
28 31 95.18974680141494
28 32 78.39692037563799
28 33 91.83940303789633
28 34 72.51476514716865
28 35 77.12324528388702
28 36 42.01330510635522
28 37 70.17502124360789
28 38 86.45430438596834
28 39 53.10685664231378
28 40 73.00509372035816
28 41 47.506958560949776
28 42 27.990744662263907
28 43 45.40108088952681
28 44 89.43719970684626
28 45 38.696597706757245
28 46 99.25387028304479
28 47 64.6438214337513
28 48 80.23976267722685
28 49 43.90803509033666
28 50 73.32394941806413
28 51 38.59225930983456
28 52 45.225140587374845
28 53 60.656931806810036
28 54 30.92128188696855
28 55 44.33901179367166
28 56 53.23516183172464
28 57 36.86441737980033
28 58 59.46858988093895
28 59 51.24362006015639
28 60 80.75233963107254
28 61 68.77054903135684
28 62 34.52573739940429
28 63 73.04174716923845
28 64 52.11646153186939
28 65 57.06852411333135
28 66 71.66979363274251
28 67 56.43021372868142
28 68 70.17471063647744
28 69 36.35646393321197
28 70 37.892764254162685
28 71 49.96595784554867
28 72 56.44536463242847
28 73 84.6313862388923
28 74 93.5355718214112
28 75 33.08478575663119
28 76 36.03666723509659
28 77 45.48282349655856
28 78 77.50135004232624
28 79 42.82185700004561
29 30 64.9380907504925
29 31 53.82105728508784
29 32 69.61932232246888
29 33 69.91692753278156
29 34 95.41137938909226
29 35 48.22280888808542
29 36 66.84590544754977
29 37 42.957562605724114
29 38 68.91565676504408
29 39 59.793759622750926
29 40 92.21206453296054
29 41 69.75639961123733
29 42 34.60760694961509
29 43 87.7762353056311
29 44 76.31257935270838
29 45 28.12656396230352
29 46 52.28443855102057
29 47 33.96529083945853
29 48 53.67319239687624
29 49 99.35649103242457
29 50 58.002339501120815
29 51 21.776466068773424
29 52 54.01289732179481
29 53 77.7205691379946
29 54 46.48730313721775
29 55 72.97105262677928
29 56 85.17213296695259
29 57 98.51888024414029
29 58 21.774668773168912
29 59 76.87250506871871
29 60 21.952278669164595
29 61 37.13046939460323
29 62 30.873127585435682
29 63 77.01009105123336
29 64 22.3980670606137
29 65 61.57016016827676
29 66 23.336275734294276
29 67 79.52752266048063
29 68 28.066731064898587
29 69 68.30177567480182
29 70 24.82393497041544
29 71 67.14563653674148
29 72 97.4716862391862
29 73 92.31973662324039
29 74 52.36834347241222
29 75 45.688987812870465
29 76 33.23048083466781
29 77 51.50881426389478
29 78 80.47897814751013
29 79 22.22664262048914
30 31 41.01353662821299
30 32 89.05018944356951
30 33 67.29925709404903
30 34 42.6539313737024
30 35 49.35653240764425
30 36 62.661912338418205
30 37 73.36368170632647
30 38 92.16697671027435
30 39 32.80964076834004
30 40 61.2355150526761
30 41 74.30697261507393
30 42 60.8963255740849
30 43 44.87829025634521
30 44 40.48981083252861
30 45 39.53593388110582
30 46 50.030420117061155
30 47 51.97968404814263
30 48 66.51768573458753
30 49 95.28041270562534
30 50 54.70749936436613
30 51 45.84215353764567
30 52 44.64061560276505
30 53 91.20325658881359
30 54 79.77446080356627
30 55 48.2777901687342
30 56 89.5232553175118
30 57 63.22429245345634
30 58 47.41262949894648
30 59 98.50997530800923
30 60 56.729894513903076
30 61 23.056938315260147
30 62 40.008562737721675
30 63 73.04262087839201
30 64 24.139871640932373
30 65 34.229298809015674
30 66 34.131691285696675
30 67 42.375536987909314
30 68 92.17668709042393
30 69 26.65124405089207
30 70 20.667674526132835
30 71 64.79316338197901
30 72 88.53778612222673
30 73 53.44637818813595
30 74 89.77991916961197
30 75 75.5963884472963
30 76 69.18557058645644
30 77 43.91197348334099
30 78 77.81425456808131
30 79 75.22644474586451
31 32 65.48355649956008
31 33 64.46603754795737
31 34 35.65306832090867
31 35 73.90495599169815
31 36 60.146935563070976
31 37 21.007106417808174
31 38 93.31784181179754
31 39 55.937795693565306
31 40 71.16459361243537
31 41 62.70566903867869
31 42 90.43837227857047
31 43 33.00424342188489
31 44 93.81140769985036
31 45 30.448428440777153
31 46 23.093803201837517
31 47 70.45038957599772
31 48 28.94420821730907
31 49 35.472176332633325
31 50 89.16410663755767
31 51 32.580346109359006
31 52 81.78990157303588
31 53 40.73616846724698
31 54 30.203875993948692
31 55 23.199473743073575
31 56 71.84419167329706
31 57 54.033603141213646
31 58 38.39485634753794
31 59 49.7005195273475
31 60 23.13370742552624
31 61 97.54720004861196
31 62 30.166080466091536
31 63 25.337593361876934
31 64 90.1825495422414
31 65 48.25080997429897
31 66 48.165036594331895
31 67 34.65612182170639
31 68 47.88986781337657
31 69 38.53264982523284
31 70 43.241406113836135
31 71 88.52237632634883
31 72 97.49884529464747
31 73 54.26303829114821
31 74 74.09267759382303
31 75 82.40057218784013
31 76 32.24289490624113
31 77 33.537769512773814
31 78 81.32626877315813
31 79 40.06107440029827
32 33 41.323483142255846
32 34 56.40427048766093
32 35 24.55752009747478
32 36 65.62937158386929
32 37 81.13737856298754
32 38 46.44011513327439
32 39 29.961245446999936
32 40 46.101738182068004
32 41 26.64863260293248
32 42 58.69901787341226
32 43 41.51031977024479
32 44 57.53207408659837
32 45 89.18667299272607
32 46 51.407540934201435
32 47 58.87569059981033
32 48 61.02323062241315
32 49 82.0081434441087
32 50 73.19318797412649
32 51 58.76012630159326
32 52 38.945084753910955
32 53 38.74956242846555
32 54 90.04882375500353
32 55 20.17399079291394
32 56 46.39075562965005
32 57 21.28031643342549
32 58 89.52019945559269
32 59 46.68778300171236
32 60 44.19047197737882
32 61 97.36521096941529
32 62 47.07186911317283
32 63 83.78860630621101
32 64 94.1332643816503
32 65 31.07722260099643
32 66 91.66421265807232
32 67 88.44043252816584
32 68 48.37965756974682
32 69 76.40435499193221
32 70 75.35395700080997
32 71 93.97406292100084
32 72 45.622119125534695
32 73 40.266486855594586
32 74 87.92425222305256
32 75 35.85658809974064
32 76 69.21420417472534
32 77 51.73897498614661
32 78 44.00984966435072
32 79 82.54682751050748
33 34 27.58986511750466
33 35 44.4246573360412
33 36 34.30030456916189
33 37 95.61953541878923
33 38 52.613899777620716
33 39 57.82571318281863
33 40 75.30211150699756
33 41 52.00035432431935
33 42 57.098222288769065
33 43 35.59396869358061
33 44 44.86047807582577
33 45 75.83445701563372
33 46 30.189579315080934
33 47 68.3923263059463
33 48 81.351035092441
33 49 99.85976235620369
33 50 65.36737093142068
33 51 95.29396915723049
33 52 98.78077613975357
33 53 58.33595336888787
33 54 46.854342245987226
33 55 38.46013749042895
33 56 98.97942936113466
33 57 46.604673865703234
33 58 92.24275166131177
33 59 81.49253491115446
33 60 69.82505741170775
33 61 65.68516398848746
33 62 52.446154530197944
33 63 34.87638386807123
33 64 26.44867756079738
33 65 59.82222641374783
33 66 38.19933012064645
33 67 44.695235118650984
33 68 48.4665428204182
33 69 20.822986122138467
33 70 43.54883726156571
33 71 95.64905092514736
33 72 69.20210663682414
33 73 46.702235016475164
33 74 48.17743583353401
33 75 61.062495345695034
33 76 89.06977407799079
33 77 46.99395159074038
33 78 64.24722355754665
33 79 27.73661472282363
34 35 93.1644230386715
34 36 64.4704481935867
34 37 99.02342281598196
34 38 54.19523367298257
34 39 48.43240451638941
34 40 75.80953088147972
34 41 77.55378149075234
34 42 30.373424726763567
34 43 47.372008573764255
34 44 99.39799489368399
34 45 65.01888205379649
34 46 72.4491831275637
34 47 68.28803191884666
34 48 42.08892779625905
34 49 54.74452276117648
34 50 77.15888102211927
34 51 57.13766382481587
34 52 73.78256435591628
34 53 24.711681225448558
34 54 90.13905803530052
34 55 22.800639318137826
34 56 45.15069813348951
34 57 66.68921126629436
34 58 56.69934641306626
34 59 80.66298652157006
34 60 63.47388534362169
34 61 47.27740084929181
34 62 94.07340001171654
34 63 79.73562358687376
34 64 41.4410770502463
34 65 38.565369541006326
34 66 72.53017498661607
34 67 82.50468756259487
34 68 24.57883533530743
34 69 64.45741613533396
34 70 94.05159773488965
34 71 86.27451578471474
34 72 72.888579696005
34 73 70.95813817738065
34 74 51.113548512910185
34 75 57.16732466973891
34 76 53.63238311907908
34 77 81.14698509899023
34 78 30.32458988178388
34 79 94.22705561576385
35 36 51.272127392336614
35 37 75.7644964143898
35 38 90.00940969700602
35 39 98.28448688576319
35 40 82.23166381962935
35 41 62.30742461675686
35 42 39.48393803185106
35 43 53.07227238560891
35 44 83.42266815278934
35 45 22.694520971297038
35 46 56.955400921852515
35 47 25.992394604532166
35 48 62.666897129311906
35 49 77.23940488808282
35 50 49.252298263557634
35 51 78.39405178962835
35 52 42.67891892089884
35 53 95.96454774388943
35 54 91.48235298235792
35 55 77.74510765709931
35 56 42.42695730588346
35 57 43.84350863421916
35 58 95.17706401115157
35 59 79.50005516410795
35 60 39.91592833144645
35 61 36.08254409751137
35 62 53.44423713374178
35 63 65.38875228003165
35 64 70.15357592638682
35 65 69.02269426302172
35 66 97.29776847686
35 67 91.89673889831803
35 68 91.15016666298263
35 69 24.967098920221453
35 70 66.17146066703737
35 71 48.18938776166685
35 72 93.10891684345557
35 73 28.45006358846173
35 74 91.86822528063543
35 75 67.07649274952047
35 76 87.07967228581298
35 77 31.97059232495235
35 78 35.61214418710059
35 79 82.72458010235405
36 37 81.18368657587226
36 38 25.296099167748267
36 39 81.3650754608865
36 40 56.5189172487968
36 41 55.39645301048729
36 42 95.78640871621984
36 43 36.03055111300296
36 44 25.00081969509204
36 45 77.50957613177647
36 46 70.35102047486305
36 47 88.04618099366141
36 48 88.734159408849
36 49 92.69610637928187
36 50 59.3871901471568
36 51 76.09309065276373
36 52 81.74133620189163
36 53 95.35932533154033
36 54 51.61602040036041
36 55 50.32560989958178
36 56 70.62640882214212
36 57 79.87194069237498
36 58 37.31270849379917
36 59 79.39746333905494
36 60 39.69079488855009
36 61 86.48340085246063
36 62 83.5600025673698
36 63 58.904982241864694
36 64 75.43897459542656
36 65 43.26195913160386
36 66 53.322459070396
36 67 26.4195800644662
36 68 73.27485978406358
36 69 34.103465675535176
36 70 54.90858344847102
36 71 29.717895461741133
36 72 27.90985547070841
36 73 21.50765062491817
36 74 30.732221796714416
36 75 64.72388123577824
36 76 98.60047465716984
36 77 55.96270350006129
36 78 37.53519419608323
36 79 22.86595555144008
37 38 51.057839020382815
37 39 38.42263671559097
37 40 47.97398520054951
37 41 34.557729901028075
37 42 95.17931799208843
37 43 81.86921893687128
37 44 28.341396409710377
37 45 70.36211155063536
37 46 34.80625779634714
37 47 54.119336269007064
37 48 34.08125030120314
37 49 57.816954492138905
37 50 34.44970248797351
37 51 68.9841975850186
37 52 48.77846835871742
37 53 57.58135440239605
37 54 37.60762841506271
37 55 36.65431049115929
37 56 76.7721308265225
37 57 78.02492128089492
37 58 53.78631565655448
37 59 24.139555475926517
37 60 59.82234173245698
37 61 94.21122448943994
37 62 29.591298790747274
37 63 75.30985933959195
37 64 68.53538944104798
37 65 21.523328014903072
37 66 44.384591138830125
37 67 30.948673354870024
37 68 52.37466042643419
37 69 24.454104903705776
37 70 21.47980230395536
37 71 82.28088771562233
37 72 87.2640495835592
37 73 50.166737997193295
37 74 50.19376265285344
37 75 60.223209029957076
37 76 27.863040224791256
37 77 93.6304474638998
37 78 62.11892263505505
37 79 73.05550880607728
38 39 62.778441199521176
38 40 88.12031202720429
38 41 34.26231224852215
38 42 52.91466156936828
38 43 20.04162693192277
38 44 61.44171083163002
38 45 53.483707455377846
38 46 88.72323657871007
38 47 59.77696750012495
38 48 44.179733317610726
38 49 46.00105545279605
38 50 40.18971683303437
38 51 36.226882195698245
38 52 42.475507686157464
38 53 93.10557121986332
38 54 25.97516876792354
38 55 73.84504021808462
38 56 56.5760510375714
38 57 44.961860911266385
38 58 65.16705348052491
38 59 42.34947695098124
38 60 41.557572013811814
38 61 38.29257675650175
38 62 99.37976656999854
38 63 90.54053011351276
38 64 60.09498181484595
38 65 21.33140455784823
38 66 88.71281101088562
38 67 73.30465217326494
38 68 88.06393834696739
38 69 81.91899664422517
38 70 41.55700141427946
38 71 53.679470919314475
38 72 59.550313081073554
38 73 36.58658996359507
38 74 53.335341977899866
38 75 22.369990114060705
38 76 74.6772506324603
38 77 79.38550320037677
38 78 24.34353665672561
38 79 80.22107390934289
39 40 97.4609581614896
39 41 56.11375939226576
39 42 72.48131506225647
39 43 28.927244894647668
39 44 22.364251653565344
39 45 48.20182444941168
39 46 92.31952075649325
39 47 39.59383788106148
39 48 67.15418634376985
39 49 55.732494377014426
39 50 53.22086166378129
39 51 59.0652641909344
39 52 38.3378617482737
39 53 34.61402928472389
39 54 77.11016986676903
39 55 38.033431635200216
39 56 80.96260140835614
39 57 95.07176138356276
39 58 23.078398398869034
39 59 39.508884331292705
39 60 75.06388115398504
39 61 94.00363392636056
39 62 71.67199077176292
39 63 70.68080043860357
39 64 31.667210836761235
39 65 87.10213148568455
39 66 52.12765790417989
39 67 86.88491732233229
39 68 62.66302960521198
39 69 31.6458978493238
39 70 88.63499990332362
39 71 39.593887860039615
39 72 35.308988477104286
39 73 73.50273079407845
39 74 20.81630912899883
39 75 35.10457353287058
39 76 57.617408401916265
39 77 95.3114125923044
39 78 98.38849482224256
39 79 39.785112600428064
40 41 33.87803544161454
40 42 47.19819125304391
40 43 99.72091933563584
40 44 53.63269296068975
40 45 53.001011381550846
40 46 67.52056223315616
40 47 39.360783548430334
40 48 97.4061882536385
40 49 76.69340774179146
40 50 48.44784405483365
40 51 96.33037778687803
40 52 50.40674274699577
40 53 43.79441701209668
40 54 24.168704605633273
40 55 69.24550176180038
40 56 65.61596941341027
40 57 95.46383346870999
40 58 68.32190008899344
40 59 21.78207393919002
40 60 74.6765614041179
40 61 83.39271682679453
40 62 98.55653017535361
40 63 95.88367584812036
40 64 33.37117055486555
40 65 39.6745205265924
40 66 40.87381486928021
40 67 40.211332205769125
40 68 95.3050928018082
40 69 54.879984398698525
40 70 37.79634963023992
40 71 96.31941387605661
40 72 77.05933658406909
40 73 50.31790280187386
40 74 21.847565499429216
40 75 92.65374815108812
40 76 20.25717506665412
40 77 38.7663065670005
40 78 83.20983831574361
40 79 81.96005437871523
41 42 93.0065487144901
41 43 35.88049126039759
41 44 44.226941284583575
41 45 29.751473208704276
41 46 30.39024946318751
41 47 34.503521612525645
41 48 49.84112901377778
41 49 20.254461131161978
41 50 82.69691781996215
41 51 27.311216262812998
41 52 31.78520267715242
41 53 47.26957337650016
41 54 80.61771639524294
41 55 47.18570172371497
41 56 34.2594106967002
41 57 96.26924195987912
41 58 25.058475002146167
41 59 61.25657354770161
41 60 62.29716315910534
41 61 87.6393704003194
41 62 48.29686295158774
41 63 48.405968846466365
41 64 35.44772532660061
41 65 88.60806998757607
41 66 91.88405819062255
41 67 95.90727432377066
41 68 83.97465832246303
41 69 52.35601280099602
41 70 53.201636627870855
41 71 53.75118651895996
41 72 39.08160490844048
41 73 93.58705018103373
41 74 85.30182496482604
41 75 98.97884578679621
41 76 39.286945394717876
41 77 76.71639145610536
41 78 37.08120851384344
41 79 46.839762755833235
42 43 47.726526607368164
42 44 85.86859563061638
42 45 72.4540655236826
42 46 52.75296386913531
42 47 52.50367849486538
42 48 71.20418187938596
42 49 29.38358477974168
42 50 74.88684695831114
42 51 48.70520518601582
42 52 78.88493100745617
42 53 45.69487803587403
42 54 38.24682734560738
42 55 29.01866108540859
42 56 45.97175486244791
42 57 24.723944991188294
42 58 95.87268437238254
42 59 60.914883570903775
42 60 66.20772945603926
42 61 51.103094376098866
42 62 53.83763312565315
42 63 73.79450513080424
42 64 36.8932128830583
42 65 49.34493599374665
42 66 64.2585420150443
42 67 34.687681105824325
42 68 90.06603258226774
42 69 36.27890259984666
42 70 55.973210812709254
42 71 24.69007741194014
42 72 94.20291157307683
42 73 84.37615904407944
42 74 55.45181143239275
42 75 53.65113647694993
42 76 98.32547864116583
42 77 58.399946334410295
42 78 81.18685510904156
42 79 32.350632218208375
43 44 28.188032724571485
43 45 65.13305086924237
43 46 42.05736525555008
43 47 81.38769614625775
43 48 80.72769107461689
43 49 98.94566145441539
43 50 46.912094520136534
43 51 39.725556792735546
43 52 80.84222208889172
43 53 35.70395805233705
43 54 76.31691230436529
43 55 33.77159697967416
43 56 98.15958860055456
43 57 93.16158408398283
43 58 83.47295198644142
43 59 28.503275691594332
43 60 37.73011060556641
43 61 91.93749759991559
43 62 73.57480708521022
43 63 45.71864057029599
43 64 65.35062486410999
43 65 88.48607614769655
43 66 31.6701930907075
43 67 33.727287543449535
43 68 74.35776061507354
43 69 56.10330296857873
43 70 39.87060665456553
43 71 51.24896193906424
43 72 59.92126359484983
43 73 31.953608799256248
43 74 70.18711774856163
43 75 82.31756124679302
43 76 59.125909699157845
43 77 99.15344937486272
43 78 94.83053631379259
43 79 55.48326673823934
44 45 82.89781561597142
44 46 71.80904649445743
44 47 53.98748357675656
44 48 50.67211314435119
44 49 82.8688394561935
44 50 65.08921363945582
44 51 64.35274046223105
44 52 98.35930038781089
44 53 39.91001324353819
44 54 43.516167126311686
44 55 23.487752019788317
44 56 44.37009647205616
44 57 35.216836593670834
44 58 99.41215204572516
44 59 44.34676040729769
44 60 29.220683137161274
44 61 78.62094633589163
44 62 21.322035529997496
44 63 69.23079660302477
44 64 39.57567959026945
44 65 35.994355145877876
44 66 86.98554736442912
44 67 55.62092697746864
44 68 66.82223096822742
44 69 44.93137941099299
44 70 40.124579909127036
44 71 93.5089794349582
44 72 63.326146955587454
44 73 64.70307905557972
44 74 63.79639355667469
44 75 22.02100646530291
44 76 54.7797361347648
44 77 80.33594014004586
44 78 97.61226520481343
44 79 80.59988064549239
45 46 87.39058428515219
45 47 51.30261431669638
45 48 20.200366440249226
45 49 57.00551977140661
45 50 48.175969856412976
45 51 71.9671915042916
45 52 46.19918279364843
45 53 67.44872152590918
45 54 54.5476494131843
45 55 27.747770358775313
45 56 28.30292719113343
45 57 96.84998877834414
45 58 53.22755342779729
45 59 82.10728901036681
45 60 39.15319934805048
45 61 39.60862189142745
45 62 38.88306926751051
45 63 23.891778299647342
45 64 67.33775651285384
45 65 40.41642478644889
45 66 22.00446703044502
45 67 50.16502370637789
45 68 42.27010560673995
45 69 22.895193550514428
45 70 54.111780943742644
45 71 22.509743083247884
45 72 95.15436015474745
45 73 45.70413928966484
45 74 96.82217711388644
45 75 55.792418836936164
45 76 26.14828725848586
45 77 50.36155321243886
45 78 27.146337736424222
45 79 75.40476523032156
46 47 57.97398904372544
46 48 58.331423460185164
46 49 43.963662435815365
46 50 95.70544538167725
46 51 33.69003228219257
46 52 46.114206995458595
46 53 55.88346889064286
46 54 22.44052178929713
46 55 44.10885766505479
46 56 34.244015308853044
46 57 96.20885584704287
46 58 77.79289600738159
46 59 35.47599981258963
46 60 23.741332303018226
46 61 85.15508140085078
46 62 87.52827988639565
46 63 53.40801940771557
46 64 74.53188419930765
46 65 76.74287033143229
46 66 49.47167411729909
46 67 71.29683707730075
46 68 97.28534249359869
46 69 30.549382928852467
46 70 28.66191012744028
46 71 43.29653107845389
46 72 29.676536226785124
46 73 44.03876983065565
46 74 88.20761382585621
46 75 48.578182887819814
46 76 76.87203231789083
46 77 53.981444823592895
46 78 87.98292151917015
46 79 39.45392462834689
47 48 24.346721329894123
47 49 24.651026085357906
47 50 34.88761370849663
47 51 71.29710237067246
47 52 20.544090637422325
47 53 74.79067410932046
47 54 79.57419903815861
47 55 53.568741186472494
47 56 95.66696659374625
47 57 70.72242601944565
47 58 62.63798602498546
47 59 40.767309375013106
47 60 64.40260610285165
47 61 57.470478185052656
47 62 36.104035583869546
47 63 55.246065920603904
47 64 73.69964905116072
47 65 51.59425851015045
47 66 53.953920585024576
47 67 65.01088146967854
47 68 47.48544646819469
47 69 26.790121726459546
47 70 21.328053195192645
47 71 49.3619994402968
47 72 35.59863077943754
47 73 89.83080518168654
47 74 95.30694043106634
47 75 53.087029378764726
47 76 86.52107142767404
47 77 48.57529470644319
47 78 69.21737986336134
47 79 42.429989024752985
48 49 46.64752317105082
48 50 93.817613063079
48 51 27.844675947741216
48 52 94.2726394511604
48 53 98.60095498454898
48 54 49.37436701291108
48 55 65.87544229442727
48 56 72.96016449801877
48 57 99.19662657621794
48 58 86.70368562481264
48 59 92.79280666674394
48 60 30.54750065155715
48 61 29.564251428296522
48 62 99.28914023275601
48 63 22.909762842368416
48 64 60.93999068483256
48 65 49.44851695556069
48 66 54.62405282032869
48 67 26.376452829810873
48 68 99.38279500468964
48 69 81.76144288990497
48 70 57.965464746900146
48 71 81.49705200392944
48 72 39.78627743927195
48 73 62.04056292851441
48 74 75.45256736310392
48 75 46.91097983980712
48 76 35.32774665127802
48 77 32.13012649818162
48 78 70.24258343722684
48 79 23.489123842584725
49 50 73.22041876160533
49 51 46.65641993243789
49 52 82.83614865276515
49 53 30.357507197848356
49 54 45.84867139439208
49 55 34.75174799777952
49 56 31.386965254815287
49 57 58.08394876835463
49 58 36.55792223559439
49 59 33.472774246307644
49 60 51.039271545920826
49 61 71.76596630540237
49 62 75.7091111618588
49 63 83.11863515458809
49 64 65.31913287694847
49 65 82.07872335241782
49 66 65.72176246730902
49 67 30.417957788919967
49 68 52.65969479350355
49 69 55.708621825894156
49 70 74.43123301515743
49 71 98.76508409315424
49 72 86.9155481328911
49 73 99.85646718968088
49 74 83.76555541513886
49 75 25.07736372157528
49 76 87.01499370670874
49 77 74.76488541096373
49 78 52.354235933650344
49 79 61.52674399929931
50 51 70.0728958385262
50 52 55.86625740880568
50 53 43.51910739881836
50 54 42.158549940404406
50 55 77.90304455597206
50 56 39.70461948560537
50 57 72.07149350910515
50 58 40.59582868103423
50 59 84.62588823087981
50 60 70.1499776977251
50 61 59.565713048924245
50 62 90.2751370814701
50 63 34.28414412334834
50 64 72.02199107107717
50 65 53.56322195672648
50 66 26.177340451801605
50 67 55.64789296940519
50 68 20.88566942002542
50 69 96.7024065764923
50 70 25.738904307474535
50 71 76.3817126374949
50 72 29.251416343052785
50 73 62.71741393623426
50 74 27.080582638826556
50 75 99.43705944587855
50 76 95.03837393910354
50 77 64.1768238291624
50 78 51.21678522671796
50 79 41.98381610318333
51 52 38.431255063829646
51 53 90.64637158461605
51 54 55.4376165451799
51 55 37.5283673064653
51 56 72.20181331868004
51 57 56.52938180513493
51 58 74.0962002283418
51 59 83.75635682899375
51 60 74.37520627022577
51 61 96.56394372504037
51 62 96.99085847302909
51 63 61.24086807780199
51 64 67.21702231849085
51 65 90.1242027491551
51 66 57.57384541050171
51 67 57.40713024377258
51 68 97.52698562245209
51 69 51.96941222015113
51 70 78.99257717304138
51 71 54.87007858013102
51 72 77.17749584760685
51 73 98.383417470768
51 74 35.86758059786508
51 75 26.09394837356339
51 76 56.958931646279176
51 77 33.88897520409009
51 78 72.10744746572868
51 79 70.23230451536912
52 53 30.27428548016757
52 54 62.29036352647378
52 55 60.81208234848047
52 56 73.0848334688099
52 57 41.4237158141169
52 58 28.161933722522594
52 59 78.74344368719437
52 60 97.31997003815474
52 61 80.09408749080691
52 62 54.07609971707889
52 63 68.29272887172031
52 64 53.292640980607885
52 65 41.054316876423655
52 66 95.38451730506956
52 67 38.62354819216443
52 68 95.98731684463178
52 69 78.96327770643502
52 70 77.31197635476695
52 71 89.83576479849287
52 72 36.81985111672431
52 73 83.57968587077394
52 74 22.342843315510468
52 75 85.95345257283675
52 76 35.81515049547241
52 77 46.96308475193974
52 78 93.11596222449516
52 79 28.379587827150683
53 54 27.99989431847525
53 55 21.33291298773137
53 56 58.001067755030824
53 57 82.78242774619066
53 58 82.69112195495597
53 59 37.61207573676512
53 60 44.20070213913756
53 61 83.18528030308778
53 62 98.50048608338838
53 63 65.98788689776782
53 64 50.70210633320997
53 65 90.97284108644945
53 66 65.19061661377287
53 67 69.91396652194976
53 68 97.73868241634541
53 69 56.13426071092013
53 70 51.28738802745242
53 71 88.3755180899752
53 72 69.69859329312403
53 73 76.39101894809139
53 74 46.07932691618605
53 75 46.12582998449013
53 76 24.67904903046457
53 77 39.458892228129685
53 78 61.06324371526973
53 79 59.602284180915184
54 55 48.06181339230788
54 56 59.74347926577085
54 57 57.942182157417946
54 58 80.51939531686087
54 59 23.315385305073136
54 60 59.202735614116676
54 61 78.05698092678611
54 62 84.3666396503639
54 63 70.68276568190126
54 64 87.86828819013438
54 65 78.43706097790064
54 66 60.465932755508234
54 67 76.20346574699579
54 68 81.92466098583202
54 69 68.28128361380388
54 70 67.61510278881171
54 71 72.98632612740334
54 72 47.65919558068336
54 73 60.39664253658076
54 74 41.00957394029954
54 75 62.53534584647152
54 76 91.89967006415324
54 77 71.96809939330583
54 78 96.18428621411284
54 79 36.258895439010715
55 56 51.52947398116365
55 57 81.78050936704264
55 58 41.6518917221607
55 59 94.43659374426176
55 60 22.26270208415567
55 61 64.61023277735124
55 62 50.753328501998034
55 63 58.18986604259667
55 64 59.27316837876161
55 65 27.021277274933226
55 66 70.55386124538941
55 67 92.19135120588962
55 68 70.54972171568716
55 69 95.90586142320333
55 70 66.518944508777
55 71 48.62990290901135
55 72 65.86466267786018
55 73 52.83350190160461
55 74 71.43745672834402
55 75 61.39961237673966
55 76 96.29386345249297
55 77 59.3986034386359
55 78 78.77773545397561
55 79 44.84997895575792
56 57 32.020240638447845
56 58 64.00084591322904
56 59 72.93288118503907
56 60 94.12410878526708
56 61 54.81652507925712
56 62 42.85327415464774
56 63 57.632328410170544
56 64 58.56477261517311
56 65 89.18564010448947
56 66 39.63272957273542
56 67 55.842016895075766
56 68 87.30693011076237
56 69 87.17513799438736
56 70 52.09717513349154
56 71 60.76762178707377
56 72 30.513045242492467
56 73 74.47271007276184
56 74 69.69002497580725
56 75 44.88495767911584
56 76 55.84828560829574
56 77 79.79978222653632
56 78 23.418931040723443
56 79 26.652522739099744
57 58 65.56354825736796
57 59 59.61882858970839
57 60 20.17913841668002
57 61 77.4016878069226
57 62 51.620429564143286
57 63 65.17021255199103
57 64 91.96659960822697
57 65 89.28455531217945
57 66 56.556033828300365
57 67 81.06668244500395
57 68 34.57830548439286
57 69 27.76851676824635
57 70 51.17614207288302
57 71 36.84433873439757
57 72 35.357107125359526
57 73 39.46360253433064
57 74 26.304501077251324
57 75 63.71610695911098
57 76 27.299108080525613
57 77 73.6895821962563
57 78 21.542322804556182
57 79 42.438474941557246
58 59 86.49312766708611
58 60 87.34746240424263
58 61 82.11462607647931
58 62 53.565752697598015
58 63 75.01522384548315
58 64 73.7966406607097
58 65 44.56312173597776
58 66 99.72955139258174
58 67 60.0443862129719
58 68 48.25300684612253
58 69 75.28991891525263
58 70 77.44847231420721
58 71 55.44579008394265
58 72 25.89732070500272
58 73 30.112734855837175
58 74 84.76984459562686
58 75 43.619381291527866
58 76 67.57154435152904
58 77 50.81640095116306
58 78 57.90666160391686
58 79 86.56958166064894
59 60 36.5085459734985
59 61 69.95404950826202
59 62 58.32184078597123
59 63 29.750932389142335
59 64 82.7702802004282
59 65 30.96617141479932
59 66 27.431528562264518
59 67 70.6050731901909
59 68 60.23667747347805
59 69 46.70826326334516
59 70 50.5154446192722
59 71 74.27657070625068
59 72 34.59552943562515
59 73 88.99414039965082
59 74 65.17786048745145
59 75 24.123832289542968
59 76 40.762801737376265
59 77 63.66574175182539
59 78 25.099999476267307
59 79 59.09591651517551
60 61 85.74715915050618
60 62 49.539659824831745
60 63 88.17887098612657
60 64 75.5856439980455
60 65 41.48365704093369
60 66 80.07338580260947
60 67 38.59530074849335
60 68 81.30536358192312
60 69 25.92275307233173
60 70 42.6527914178415
60 71 77.92143412307706
60 72 39.63141767779858
60 73 95.33198006034601
60 74 73.99639606661164
60 75 52.543640187280985
60 76 97.89377160507114
60 77 89.65011216507357
60 78 51.58915239049199
60 79 79.93606893116834
61 62 20.826889777191955
61 63 50.402233337352314
61 64 53.061216022128555
61 65 95.39520640271752
61 66 58.363939577673534
61 67 31.748169086222305
61 68 35.66334230044984
61 69 43.46212571544879
61 70 47.07290081302457
61 71 62.411275643197996
61 72 66.37597335713906
61 73 75.38077765015328
61 74 98.82195568679995
61 75 49.033503729023295
61 76 90.93674117740224
61 77 26.852467411001886
61 78 31.589773954645636
61 79 63.609926280723535
62 63 34.13972687488042
62 64 44.385401030115126
62 65 85.96933725635262
62 66 94.45166572488108
62 67 47.76122637866581
62 68 37.87927569643805
62 69 73.45684543217303
62 70 25.50204739909697
62 71 44.72484220006721
62 72 22.00588376783303
62 73 95.55048153399476
62 74 91.12785806190186
62 75 75.52199716330823
62 76 47.50520163049621
62 77 36.089584675346714
62 78 58.12415406392024
62 79 48.18657958322894
63 64 51.89522879846827
63 65 98.78432753263928
63 66 58.29584738129831
63 67 85.87907043962232
63 68 59.42717618759323
63 69 25.987352017489222
63 70 50.79606298431246
63 71 80.4983092893626
63 72 61.223450726987195
63 73 59.342358463282146
63 74 54.57203991237273
63 75 42.696931147373
63 76 26.878575777619382
63 77 94.57874526685062
63 78 74.68229675461846
63 79 44.670954540253256
64 65 70.75470488162478
64 66 98.88745777184533
64 67 32.34017913626607
64 68 55.10806970870401
64 69 39.44677581185087
64 70 75.0936918591432
64 71 63.97094034515006
64 72 94.78755588770066
64 73 40.151651332813294
64 74 31.679907644848182
64 75 84.0296902594265
64 76 52.572268693395436
64 77 23.344115509948118
64 78 98.64915683619252
64 79 97.97833014689601
65 66 60.45345866014904
65 67 95.98205573823155
65 68 59.67157015660156
65 69 36.81508147181851
65 70 78.99459021025575
65 71 28.385411906446947
65 72 79.2844433476772
65 73 92.49895767915417
65 74 75.65205175517423
65 75 80.25357476845488
65 76 26.408063947472673
65 77 42.89672496092245
65 78 51.58465842846795
65 79 93.94991744510295
66 67 30.025755492707667
66 68 39.66749076118934
66 69 85.557699410456
66 70 32.494786111630425
66 71 49.9568418757407
66 72 37.371296348940604
66 73 70.11101079773655
66 74 30.32993389646669
66 75 40.15196021854055
66 76 42.60130090568321
66 77 58.36015346602096
66 78 65.04647920274816
66 79 73.52645067349172
67 68 65.2327004357611
67 69 91.84894399296245
67 70 47.36378230200123
67 71 98.86919589469424
67 72 43.739682705479936
67 73 62.09660958891532
67 74 79.35123434156156
67 75 86.9802458650995
67 76 95.59312696971935
67 77 35.83641460967462
67 78 38.954870991531635
67 79 38.5070717548122
68 69 39.05004215156379
68 70 93.34510832616996
68 71 24.466382648601098
68 72 80.86199676681058
68 73 45.46226756088671
68 74 56.70258631072754
68 75 48.752375320844465
68 76 43.78614608047912
68 77 33.22787706262292
68 78 22.637360084224003
68 79 41.12392186200809
69 70 40.56270412748042
69 71 48.38449165140194
69 72 96.90690031781985
69 73 53.037833959346735
69 74 97.98633428022623
69 75 51.74577645720403
69 76 57.08909706195406
69 77 38.07404542910401
69 78 58.73981587614479
69 79 92.10502683943069
70 71 87.33307334423291
70 72 22.65425210700232
70 73 54.118432242066845
70 74 56.874863849835506
70 75 55.15393621465782
70 76 62.8078514269601
70 77 30.68491822594136
70 78 32.056441028066054
70 79 84.14137725511766
71 72 71.92368963838956
71 73 76.58868036835173
71 74 84.72754560333905
71 75 67.13861719667614
71 76 62.437304272407765
71 77 39.21116892454399
71 78 25.906191510587178
71 79 66.6564344427035
72 73 72.71982586860605
72 74 69.5784791939096
72 75 48.599986123645124
72 76 88.11838352218294
72 77 57.57987744853644
72 78 91.33361659844692
72 79 50.31252998146453
73 74 55.11327242641506
73 75 85.37142401397696
73 76 48.604647315177935
73 77 25.562869747542464
73 78 51.90506919519492
73 79 28.540349868966324
74 75 46.60028195507154
74 76 75.56826600782861
74 77 98.32283767011775
74 78 32.310135619567795
74 79 49.47439741659593
75 76 97.38057168576226
75 77 93.23452160658037
75 78 85.21475151540447
75 79 91.07503737012442
76 77 51.17138256788087
76 78 50.81753600186186
76 79 75.57289977510749
77 78 66.4193954912354
77 79 39.86937071070987
78 79 74.02538475373328
