332 2127
1 0 0.0436
3 0 0.0767
7 0 0.1026
3 1 0.0515
7 1 0.0866
4 2 0.0269
7 2 0.0843
7 3 0.0365
25 3 0.0915
46 3 0.2109
7 4 0.0849
6 5 0.0197
7 5 0.0683
12 5 0.0143
7 6 0.0488
12 6 0.014
12 7 0.0604
15 7 0.0239
22 7 0.0478
23 7 0.0414
25 7 0.083
26 7 0.0351
27 7 0.1099
29 7 0.0596
33 7 0.0774
34 7 0.0863
35 7 0.1093
36 7 0.1999
37 7 0.1622
46 7 0.1926
64 7 0.204
66 7 0.3284
111 7 0.3847
117 7 0.3655
143 7 0.2746
200 7 0.2654
247 7 0.3059
312 7 0.3829
9 8 0.003
10 8 0.0022
11 8 0.0037
12 8 0.0053
10 9 0.0011
11 9 0.001
12 9 0.0023
12 10 0.0033
12 11 0.002
13 12 0.0009
14 12 0.0011
16 12 0.006
17 12 0.0055
18 12 0.0095
19 12 0.0112
20 12 0.0098
21 15 0.0311
18 16 0.0038
19 16 0.0053
19 18 0.0018
25 21 0.0281
23 22 0.01
25 24 0.0057
28 25 0.0131
30 25 0.017
32 25 0.0322
46 25 0.1216
34 27 0.0425
30 28 0.0125
32 28 0.0247
46 28 0.1134
33 29 0.0184
31 30 0.0043
32 31 0.0113
46 32 0.0895
35 34 0.0232
37 35 0.0549
37 36 0.0478
46 38 0.013
64 38 0.0306
141 38 0.0835
44 39 0.018
45 39 0.0167
49 39 0.0133
54 39 0.02
60 39 0.0242
61 39 0.0377
143 39 0.0728
52 40 0.0145
66 40 0.0522
165 40 0.0831
46 41 0.0089
66 42 0.0364
66 43 0.0356
45 44 0.0314
46 44 0.0244
49 44 0.0187
53 44 0.0086
54 44 0.0299
57 44 0.0122
58 44 0.0152
60 44 0.0302
61 44 0.049
62 44 0.037
64 44 0.0323
66 44 0.1266
82 44 0.0393
117 44 0.1602
141 44 0.0655
143 44 0.0712
165 44 0.0988
200 44 0.0986
49 45 0.0149
54 45 0.009
61 45 0.0215
62 45 0.0163
66 45 0.0958
143 45 0.0641
47 46 0.0107
48 46 0.0154
53 46 0.0273
55 46 0.0122
57 46 0.0288
58 46 0.0197
59 46 0.0242
64 46 0.0178
66 46 0.1502
73 46 0.031
74 46 0.032
82 46 0.0483
85 46 0.0555
93 46 0.1804
108 46 0.2658
111 46 0.2046
117 46 0.1828
122 46 0.1841
130 46 0.2139
141 46 0.0714
143 46 0.0825
146 46 0.2535
149 46 0.2555
151 46 0.2244
165 46 0.115
168 46 0.077
171 46 0.1606
175 46 0.2078
176 46 0.2424
181 46 0.1826
182 46 0.0836
196 46 0.0929
200 46 0.0938
202 46 0.0963
218 46 0.1144
229 46 0.2408
231 46 0.2028
244 46 0.1281
245 46 0.1301
247 46 0.1305
252 46 0.1334
254 46 0.2336
257 46 0.1437
260 46 0.1894
262 46 0.1429
292 46 0.216
310 46 0.2976
312 46 0.3086
315 46 0.3074
48 47 0.0048
64 47 0.0212
55 48 0.0087
59 48 0.0119
54 49 0.0112
60 49 0.0123
61 49 0.0302
62 49 0.0185
66 49 0.1082
143 49 0.0596
165 49 0.0828
66 50 0.0267
81 50 0.0319
117 50 0.0655
165 50 0.0796
66 51 0.0194
66 52 0.0424
81 52 0.0367
143 52 0.0809
165 52 0.0701
57 53 0.0036
58 53 0.0113
59 53 0.0087
64 53 0.0301
82 53 0.0307
60 54 0.0067
61 54 0.0191
62 54 0.0089
143 54 0.0556
57 55 0.018
58 55 0.0078
59 55 0.0124
64 55 0.0141
68 56 0.0198
69 56 0.0199
70 56 0.0197
117 56 0.0435
58 57 0.0107
59 57 0.0069
64 57 0.0294
82 57 0.0271
59 58 0.0046
63 58 0.0057
64 58 0.0189
82 58 0.0297
143 58 0.0638
63 59 0.0048
64 59 0.0225
61 60 0.0201
62 60 0.007
62 61 0.0133
66 61 0.0786
143 61 0.0511
165 61 0.0605
66 62 0.0918
143 62 0.0479
165 62 0.0656
64 63 0.0191
65 64 0.0068
66 64 0.1498
73 64 0.0147
74 64 0.0143
82 64 0.0378
86 64 0.0223
107 64 0.0307
111 64 0.2025
115 64 0.0331
117 64 0.18
141 64 0.0572
143 64 0.0709
150 64 0.0485
165 64 0.1059
168 64 0.06
175 64 0.2031
182 64 0.066
196 64 0.0752
200 64 0.0761
202 64 0.0787
218 64 0.0984
244 64 0.1109
245 64 0.1131
247 64 0.1133
252 64 0.1163
254 64 0.2254
257 64 0.128
260 64 0.1779
262 64 0.1259
292 64 0.2037
86 65 0.0156
115 65 0.0271
150 65 0.0422
70 66 0.0262
75 66 0.0508
77 66 0.01
78 66 0.0138
81 66 0.0219
89 66 0.0258
93 66 0.0327
94 66 0.076
98 66 0.0435
108 66 0.1156
110 66 0.0465
111 66 0.0563
117 66 0.0388
118 66 0.1082
119 66 0.0297
122 66 0.0406
127 66 0.0321
130 66 0.0667
132 66 0.0368
135 66 0.1058
143 66 0.1033
145 66 0.1061
146 66 0.105
149 66 0.1069
151 66 0.0783
152 66 0.0829
158 66 0.0703
160 66 0.0661
161 66 0.1033
165 66 0.077
166 66 0.0607
171 66 0.054
173 66 0.1004
175 66 0.0708
176 66 0.0983
178 66 0.1005
181 66 0.0604
182 66 0.1562
188 66 0.0745
196 66 0.1629
200 66 0.1639
202 66 0.163
216 66 0.09
218 66 0.1399
229 66 0.1115
231 66 0.0954
232 66 0.1163
245 66 0.1617
247 66 0.1655
252 66 0.1651
254 66 0.1163
257 66 0.1454
260 66 0.1162
262 66 0.1685
273 66 0.1518
291 66 0.1431
292 66 0.1428
295 66 0.146
298 66 0.1685
300 66 0.1705
306 66 0.1847
309 66 0.1917
310 66 0.1939
312 66 0.3992
79 67 0.0134
95 67 0.0223
108 67 0.0259
117 67 0.1008
124 67 0.0323
146 67 0.0478
70 68 0.0084
72 68 0.0077
117 68 0.0283
111 69 0.0267
117 69 0.0289
72 70 0.003
76 70 0.0053
89 70 0.0143
110 70 0.0252
111 70 0.0326
117 70 0.024
95 71 0.0171
117 71 0.0788
145 71 0.0355
146 71 0.0365
151 71 0.0523
161 71 0.0452
176 71 0.0572
76 72 0.0026
89 72 0.0115
93 72 0.0129
117 72 0.022
74 73 0.0106
115 73 0.0203
200 73 0.0637
86 74 0.0085
107 74 0.0168
115 74 0.0202
150 74 0.0348
165 74 0.1021
200 74 0.0622
81 75 0.0325
97 75 0.0204
117 75 0.0797
141 75 0.0717
143 75 0.0551
93 76 0.0104
117 76 0.0195
78 77 0.0063
117 77 0.0298
117 78 0.025
100 79 0.0198
108 79 0.0128
117 79 0.091
145 79 0.0329
146 79 0.0344
151 79 0.0588
161 79 0.044
175 79 0.0853
176 79 0.0579
84 80 0.0069
117 80 0.1173
143 80 0.0277
165 80 0.0472
260 80 0.1239
105 81 0.0113
117 81 0.0475
129 81 0.0376
139 81 0.0261
143 81 0.0821
165 81 0.0551
181 81 0.0564
84 82 0.0211
85 82 0.0098
96 82 0.0195
103 82 0.0136
117 82 0.145
143 82 0.0343
165 82 0.0681
200 82 0.0649
247 82 0.0927
111 83 0.0131
117 83 0.0245
96 84 0.0064
143 84 0.0261
260 84 0.1272
143 85 0.0286
117 87 0.0142
173 88 0.0386
93 89 0.0075
111 89 0.0317
117 89 0.0133
151 89 0.0528
165 89 0.0855
181 89 0.0422
91 90 0.008
94 90 0.0057
108 90 0.0348
111 90 0.0302
117 90 0.0532
118 90 0.0278
145 90 0.0296
146 90 0.0293
149 90 0.0309
151 90 0.0283
161 90 0.0334
173 90 0.038
175 90 0.0527
176 90 0.0399
178 90 0.0408
220 90 0.0694
229 90 0.0773
254 90 0.0968
94 91 0.0135
108 91 0.027
111 91 0.0379
117 91 0.0611
118 91 0.0207
142 91 0.0269
145 91 0.025
146 91 0.0251
149 91 0.0264
151 91 0.0326
161 91 0.0312
173 91 0.0377
175 91 0.0584
178 91 0.0409
181 91 0.0837
220 91 0.0704
229 91 0.0793
254 91 0.0998
298 91 0.1427
99 92 0.0047
117 92 0.0232
151 92 0.0297
160 92 0.0294
98 93 0.0121
108 93 0.0863
111 93 0.0242
117 93 0.0093
130 93 0.0341
145 93 0.0745
146 93 0.0733
151 93 0.0456
158 93 0.038
161 93 0.0709
165 93 0.0917
171 93 0.0492
175 93 0.0408
178 93 0.0677
181 93 0.042
200 93 0.1827
216 93 0.0655
218 93 0.1535
229 93 0.0819
231 93 0.0762
247 93 0.1776
254 93 0.0906
257 93 0.1528
260 93 0.1068
262 93 0.1782
298 93 0.1427
300 93 0.1457
309 93 0.1661
310 93 0.1684
100 94 0.0252
108 94 0.0398
111 94 0.0245
117 94 0.0476
118 94 0.0323
130 94 0.0216
145 94 0.0323
146 94 0.0317
149 94 0.0335
151 94 0.0246
161 94 0.0343
173 94 0.0375
175 94 0.0479
176 94 0.0387
178 94 0.0399
220 94 0.0675
229 94 0.0747
254 94 0.0934
298 94 0.1392
117 95 0.0844
146 95 0.0255
151 95 0.0505
161 95 0.0351
176 95 0.0489
103 96 0.0105
143 97 0.0347
111 98 0.0128
117 98 0.0149
146 98 0.0616
151 98 0.0354
160 98 0.0293
166 98 0.0305
175 98 0.037
110 99 0.0071
111 99 0.0083
117 99 0.0186
136 99 0.0175
151 99 0.0312
160 99 0.0276
111 100 0.0489
117 100 0.0722
128 100 0.012
145 100 0.0189
151 100 0.0392
161 100 0.0285
173 100 0.0372
175 100 0.0657
178 100 0.0407
220 100 0.0704
229 100 0.0807
254 100 0.1024
106 101 0.0087
117 101 0.0236
119 101 0.0073
181 101 0.0378
114 102 0.0038
151 102 0.0271
143 103 0.0206
122 104 0.0248
166 104 0.0306
181 104 0.0512
117 105 0.0434
119 105 0.0243
139 105 0.015
165 105 0.05
181 105 0.0465
117 106 0.0149
115 107 0.0062
200 107 0.0455
111 108 0.0629
117 108 0.0862
118 108 0.0095
130 108 0.056
143 108 0.2092
145 108 0.0211
146 108 0.0227
149 108 0.0218
151 108 0.0503
158 108 0.0647
160 108 0.0713
161 108 0.0321
165 108 0.1744
166 108 0.0819
169 108 0.0332
173 108 0.042
175 108 0.0765
176 108 0.0464
178 108 0.0455
181 108 0.1045
200 108 0.2655
201 108 0.0565
202 108 0.2638
211 108 0.0586
216 108 0.0997
218 108 0.2328
220 108 0.0736
229 108 0.0851
231 108 0.1193
247 108 0.2545
254 108 0.1078
257 108 0.2256
260 108 0.1605
272 108 0.1108
292 108 0.1714
298 108 0.1431
300 108 0.1495
305 108 0.1568
306 108 0.1608
309 108 0.1625
310 108 0.1652
320 108 0.23
151 109 0.0458
161 109 0.0286
111 110 0.0112
117 110 0.0123
151 110 0.0318
160 110 0.0233
117 111 0.0233
118 111 0.0544
122 111 0.0228
124 111 0.0609
125 111 0.0159
130 111 0.0108
135 111 0.0503
136 111 0.0151
143 111 0.1464
145 111 0.0502
146 111 0.049
148 111 0.043
149 111 0.051
151 111 0.0229
156 111 0.0387
158 111 0.0213
160 111 0.0225
161 111 0.047
165 111 0.1121
166 111 0.0282
169 111 0.0519
171 111 0.0643
173 111 0.0448
175 111 0.031
176 111 0.0434
178 111 0.0454
181 111 0.0487
188 111 0.0405
200 111 0.2035
201 111 0.0545
202 111 0.2019
211 111 0.0626
216 111 0.0606
218 111 0.1723
220 111 0.0649
229 111 0.068
231 111 0.0764
247 111 0.1952
252 111 0.1938
254 111 0.0821
257 111 0.1684
260 111 0.1131
262 111 0.1947
291 111 0.122
292 111 0.1319
295 111 0.1346
298 111 0.1321
300 111 0.1362
304 111 0.1417
305 111 0.1493
306 111 0.15
309 111 0.1552
310 111 0.1577
151 112 0.0271
173 112 0.0292
117 113 0.0065
151 114 0.0233
150 115 0.0159
151 116 0.0152
118 117 0.0775
119 117 0.0194
124 117 0.0839
125 117 0.0085
126 117 0.0212
127 117 0.0296
128 117 0.0704
129 117 0.0142
130 117 0.0313
132 117 0.0412
133 117 0.0768
135 117 0.0728
136 117 0.0168
138 117 0.0344
139 117 0.0464
142 117 0.0762
143 117 0.1231
144 117 0.02
145 117 0.0724
146 117 0.0711
147 117 0.0155
148 117 0.0648
149 117 0.073
151 117 0.0416
152 117 0.0994
153 117 0.0152
154 117 0.0157
156 117 0.0592
157 117 0.0186
158 117 0.0317
160 117 0.0273
161 117 0.0676
162 117 0.0223
163 117 0.0211
165 117 0.089
166 117 0.0231
167 117 0.0993
168 117 0.164
171 117 0.0431
172 117 0.1001
173 117 0.0632
175 117 0.0325
176 117 0.0606
178 117 0.0628
180 117 0.0907
181 117 0.0332
182 117 0.1744
185 117 0.0471
188 117 0.0379
190 117 0.0376
191 117 0.0412
196 117 0.1795
197 117 0.0637
200 117 0.1804
201 117 0.0688
202 117 0.1788
203 117 0.06
211 117 0.0769
215 117 0.0686
216 117 0.0562
217 117 0.0693
218 117 0.1498
220 117 0.0745
221 117 0.0622
224 117 0.08
228 117 0.0955
229 117 0.0737
231 117 0.067
232 117 0.1161
239 117 0.0703
245 117 0.1691
247 117 0.1733
248 117 0.0842
249 117 0.1652
252 117 0.172
254 117 0.0815
255 117 0.0806
257 117 0.1474
259 117 0.0955
260 117 0.0985
262 117 0.1733
272 117 0.1001
273 117 0.1504
275 117 0.1353
283 117 0.1142
287 117 0.1222
291 117 0.1151
292 117 0.1207
295 117 0.1237
296 117 0.1305
298 117 0.1337
300 117 0.1366
304 117 0.1419
305 117 0.1514
306 117 0.1508
309 117 0.157
310 117 0.1594
312 117 0.4076
320 117 0.251
130 118 0.047
145 118 0.0126
146 118 0.0141
149 118 0.0136
151 118 0.0408
161 118 0.0236
173 118 0.0333
175 118 0.067
176 118 0.0375
178 118 0.0368
181 118 0.095
216 118 0.0904
220 118 0.0657
229 118 0.0768
254 118 0.0992
260 118 0.1511
298 118 0.1363
300 118 0.1425
305 118 0.1505
309 118 0.1563
310 118 0.159
320 118 0.2271
129 119 0.0073
165 119 0.07
181 119 0.0307
257 119 0.1312
141 120 0.0629
162 121 0.022
130 122 0.0302
145 122 0.0714
146 122 0.07
151 122 0.0403
158 122 0.03
162 122 0.021
165 122 0.0894
166 122 0.0211
171 122 0.0427
178 122 0.0613
181 122 0.0319
216 122 0.0544
218 122 0.1499
254 122 0.0796
260 122 0.0973
272 122 0.0981
295 122 0.1222
298 122 0.1317
300 122 0.1347
301 122 0.1351
306 122 0.1489
309 122 0.1551
137 123 0.0076
200 123 0.0408
130 124 0.0532
146 124 0.0171
151 124 0.0463
161 124 0.0263
169 124 0.027
173 124 0.0362
176 124 0.0406
178 124 0.0396
220 124 0.0673
229 124 0.0789
254 124 0.1017
298 124 0.1366
136 125 0.0089
151 125 0.0331
160 125 0.0203
175 125 0.0268
181 125 0.0349
216 125 0.0533
136 126 0.0092
151 126 0.021
254 126 0.076
132 127 0.0116
141 127 0.1129
151 127 0.0691
165 127 0.0596
181 127 0.0315
257 127 0.1214
260 127 0.0844
151 128 0.0327
220 128 0.0589
254 128 0.0917
144 129 0.0071
147 129 0.0086
159 129 0.0148
165 129 0.0749
181 129 0.0258
257 129 0.1336
145 130 0.0412
146 130 0.0398
149 130 0.0418
151 130 0.0121
152 130 0.1295
161 130 0.0368
165 130 0.1183
166 130 0.0278
169 130 0.0415
171 130 0.0685
173 130 0.034
175 130 0.0267
176 130 0.0325
178 130 0.0346
181 130 0.0502
188 130 0.0367
200 130 0.2095
211 130 0.0519
216 130 0.0562
218 130 0.1771
220 130 0.0552
229 130 0.0594
247 130 0.1993
254 130 0.0753
257 130 0.1715
260 130 0.1123
291 130 0.1172
292 130 0.129
298 130 0.124
300 130 0.1284
304 130 0.1339
305 130 0.141
306 130 0.1421
309 130 0.1469
310 130 0.1494
151 131 0.0243
173 131 0.0212
229 131 0.0643
254 131 0.0858
139 132 0.0062
143 132 0.0821
151 132 0.0802
165 132 0.0481
171 132 0.0201
181 132 0.0373
218 132 0.1101
231 132 0.0669
254 132 0.0936
257 132 0.1113
260 132 0.0806
292 132 0.1082
135 133 0.0046
138 134 0.005
151 135 0.0337
138 136 0.0191
151 136 0.0257
160 136 0.0114
175 136 0.0187
254 136 0.0702
182 137 0.0253
200 137 0.0333
160 138 0.0171
161 138 0.0331
166 138 0.0272
176 138 0.0277
229 138 0.0546
165 139 0.0426
181 139 0.0382
156 140 0.0083
176 140 0.0183
143 141 0.0194
165 141 0.0564
171 141 0.1083
197 141 0.0983
215 141 0.1105
224 141 0.1062
228 141 0.0895
232 141 0.0724
260 141 0.1219
292 141 0.1469
146 142 0.0055
151 142 0.0364
161 142 0.014
169 142 0.0148
173 142 0.0239
220 142 0.0552
229 142 0.0666
298 142 0.1253
305 142 0.1394
309 142 0.1452
310 142 0.1479
149 143 0.1945
161 143 0.1873
165 143 0.0374
167 143 0.028
168 143 0.0416
171 143 0.089
175 143 0.1401
176 143 0.1767
180 143 0.0416
181 143 0.1118
182 143 0.0529
196 143 0.0599
200 143 0.0609
202 143 0.0603
212 143 0.0549
215 143 0.0929
218 143 0.0477
224 143 0.0895
232 143 0.0613
244 143 0.0708
245 143 0.0704
247 143 0.0731
249 143 0.0704
252 143 0.0742
254 143 0.156
257 143 0.0702
260 143 0.1071
262 143 0.0813
273 143 0.083
291 143 0.1512
292 143 0.1335
296 143 0.1276
298 143 0.1958
147 144 0.0074
181 144 0.0198
146 145 0.0017
149 145 0.0014
151 145 0.0325
158 145 0.0466
160 145 0.0533
165 145 0.1583
166 145 0.0641
167 145 0.1686
171 145 0.1071
173 145 0.0209
175 145 0.0574
176 145 0.0253
178 145 0.0244
181 145 0.0862
188 145 0.0654
201 145 0.0358
211 145 0.039
216 145 0.079
217 145 0.0543
220 145 0.0531
229 145 0.0642
231 145 0.0987
236 145 0.0704
254 145 0.0868
259 145 0.0815
260 145 0.14
283 145 0.106
291 145 0.1326
292 145 0.1503
298 145 0.1238
300 145 0.13
304 145 0.1353
305 145 0.1383
306 145 0.1418
309 145 0.1441
310 145 0.1468
149 146 0.002
151 146 0.031
152 146 0.1684
158 146 0.045
160 146 0.0517
161 146 0.0095
165 146 0.1567
166 146 0.0625
171 146 0.1055
173 146 0.0193
175 146 0.0558
176 146 0.0237
178 146 0.0229
181 146 0.0845
200 146 0.2472
201 146 0.0344
211 146 0.0378
216 146 0.0773
217 146 0.0528
218 146 0.2134
220 146 0.0517
229 146 0.0627
231 146 0.097
247 146 0.2344
248 146 0.0736
254 146 0.0852
257 146 0.2049
259 146 0.0802
260 146 0.1383
272 146 0.0893
283 146 0.1047
291 146 0.131
292 146 0.1487
297 146 0.1155
298 146 0.1226
299 146 0.1247
300 146 0.1288
304 146 0.134
305 146 0.1372
306 146 0.1406
309 146 0.143
310 146 0.1457
319 146 0.2151
320 146 0.2166
321 146 0.2187
323 146 0.2201
324 146 0.2247
157 147 0.0094
165 147 0.0779
181 147 0.0186
151 148 0.0244
156 148 0.008
220 148 0.0487
229 148 0.059
254 148 0.0811
151 149 0.0328
158 149 0.0468
161 149 0.0104
165 149 0.1586
166 149 0.0643
173 149 0.0203
175 149 0.0574
176 149 0.0247
178 149 0.0238
181 149 0.0863
200 149 0.2491
201 149 0.0349
211 149 0.0379
218 149 0.2151
220 149 0.0522
229 149 0.0634
247 149 0.236
254 149 0.086
257 149 0.2065
260 149 0.1396
262 149 0.2335
291 149 0.1318
295 149 0.1517
298 149 0.1227
300 149 0.1289
305 149 0.1371
309 149 0.1429
310 149 0.1456
319 149 0.2143
320 149 0.2158
321 149 0.2178
323 149 0.2193
324 149 0.2238
200 150 0.0276
155 151 0.0277
156 151 0.0178
157 151 0.0412
158 151 0.0144
160 151 0.0211
161 151 0.0261
165 151 0.1258
166 151 0.0318
169 151 0.0305
171 151 0.0747
173 151 0.0221
175 151 0.0265
176 151 0.0204
178 151 0.0225
181 151 0.0542
182 151 0.2114
185 151 0.0214
186 151 0.0235
188 151 0.0357
190 151 0.0439
191 151 0.0323
197 151 0.0917
200 151 0.2163
201 151 0.0321
209 151 0.0373
211 151 0.04
214 151 0.04
216 151 0.0531
217 151 0.042
218 151 0.1828
220 151 0.0447
221 151 0.0486
229 151 0.0505
231 151 0.0719
232 151 0.1441
247 151 0.2042
251 151 0.0654
254 151 0.0688
255 151 0.0741
257 151 0.1754
260 151 0.1122
262 151 0.2023
283 151 0.0958
287 151 0.1319
291 151 0.1126
292 151 0.1265
296 151 0.14
298 151 0.1153
300 151 0.1202
304 151 0.1257
305 151 0.1319
306 151 0.1335
309 151 0.1378
310 151 0.1404
165 152 0.0137
202 152 0.0806
247 152 0.0845
260 152 0.0892
292 152 0.1171
163 153 0.0062
170 153 0.0128
181 153 0.018
170 154 0.0094
176 156 0.0125
220 156 0.0426
229 156 0.0521
254 156 0.0738
160 157 0.0207
170 157 0.0074
181 157 0.0162
160 158 0.0068
161 158 0.039
165 158 0.112
166 158 0.0175
173 158 0.0327
175 158 0.0128
178 158 0.0317
181 158 0.0398
216 158 0.0417
218 158 0.1685
229 158 0.0468
247 158 0.1898
254 158 0.0612
257 158 0.161
260 158 0.099
292 158 0.1148
298 158 0.1108
300 158 0.1149
181 159 0.0122
161 160 0.0457
166 160 0.0108
173 160 0.039
178 160 0.0378
181 160 0.0332
188 160 0.0183
190 160 0.0245
229 160 0.0478
247 160 0.1832
254 160 0.0598
260 160 0.0936
298 160 0.1106
300 160 0.1143
165 161 0.151
166 161 0.0563
171 161 0.0994
173 161 0.0099
175 161 0.0486
176 161 0.0144
178 161 0.0134
181 161 0.0777
200 161 0.241
201 161 0.025
211 161 0.0289
216 161 0.0684
217 161 0.0433
218 161 0.2065
220 161 0.0423
229 161 0.0532
231 161 0.0881
236 161 0.0593
242 161 0.0552
247 161 0.227
248 161 0.0641
251 161 0.0621
254 161 0.0757
257 161 0.1971
260 161 0.1295
272 161 0.08
283 161 0.0954
287 161 0.1465
291 161 0.1215
292 161 0.1393
298 161 0.1136
300 161 0.1196
304 161 0.1249
305 161 0.1284
306 161 0.1317
309 161 0.1342
310 161 0.1369
320 161 0.2101
181 162 0.011
181 163 0.0128
200 164 0.021
166 165 0.0947
167 165 0.0104
168 165 0.0758
171 165 0.052
172 165 0.0114
173 165 0.1438
174 165 0.0195
175 165 0.1032
176 165 0.1399
180 165 0.0094
181 165 0.0746
182 165 0.0857
183 165 0.0158
196 165 0.0905
197 165 0.0431
200 165 0.0914
202 165 0.0898
205 165 0.0634
212 165 0.0808
215 165 0.0572
216 165 0.0991
218 165 0.0631
224 165 0.056
229 165 0.1295
231 165 0.0883
232 165 0.0461
241 165 0.0917
244 165 0.0869
245 165 0.0847
247 165 0.0886
249 165 0.0821
250 165 0.0883
252 165 0.0881
254 165 0.1195
257 165 0.0706
260 165 0.077
262 165 0.0919
273 165 0.0794
275 165 0.0766
287 165 0.0977
291 165 0.1196
292 165 0.1055
295 165 0.1085
296 165 0.1032
298 165 0.1618
300 165 0.1603
310 165 0.1832
312 165 0.3226
171 166 0.0431
173 166 0.0493
175 166 0.0105
178 166 0.0478
181 166 0.0227
188 166 0.015
190 166 0.0172
200 166 0.1848
216 166 0.0344
218 166 0.151
229 166 0.0509
231 166 0.0484
247 166 0.1726
254 166 0.0588
257 166 0.1441
260 166 0.0851
291 166 0.0951
292 166 0.1038
298 166 0.1108
300 166 0.1138
301 166 0.1143
306 166 0.128
309 166 0.1341
310 166 0.1365
247 167 0.08
257 167 0.0647
260 167 0.0818
182 168 0.012
196 168 0.0211
200 168 0.0222
202 168 0.0232
212 168 0.026
218 168 0.0402
245 168 0.0532
247 168 0.0536
257 168 0.0701
260 168 0.1319
262 168 0.0659
173 171 0.0919
175 171 0.0513
178 171 0.0901
181 171 0.0228
197 171 0.0209
200 171 0.1417
215 171 0.0302
216 171 0.0509
218 171 0.1085
224 171 0.0401
229 171 0.0802
231 171 0.0472
247 171 0.131
254 171 0.0752
257 171 0.1044
260 171 0.0623
262 171 0.1305
292 171 0.0891
298 171 0.1243
247 172 0.0774
260 172 0.0786
175 173 0.0407
176 173 0.0046
181 173 0.0698
200 173 0.2332
201 173 0.0162
203 173 0.0243
211 173 0.0219
216 173 0.0587
217 173 0.0338
218 173 0.1982
220 173 0.0333
229 173 0.0436
247 173 0.2183
254 173 0.0659
257 173 0.1882
260 173 0.1198
272 173 0.0712
283 173 0.0867
291 173 0.1117
292 173 0.1294
298 173 0.1053
300 173 0.1111
304 173 0.1164
305 173 0.1206
306 173 0.1234
309 173 0.1264
310 173 0.1291
320 173 0.2054
178 175 0.0388
181 175 0.0291
188 175 0.01
191 175 0.0096
200 175 0.1925
201 175 0.0402
211 175 0.0478
216 175 0.0297
217 175 0.0371
218 175 0.1579
220 175 0.0426
221 175 0.0311
229 175 0.0412
231 175 0.0468
232 175 0.1182
238 175 0.0564
247 175 0.1786
254 175 0.0516
255 175 0.0535
257 175 0.1493
260 175 0.0862
262 175 0.1762
270 175 0.0701
283 175 0.0831
291 175 0.0911
295 175 0.1048
298 175 0.1028
300 175 0.1064
304 175 0.1118
305 175 0.1204
306 175 0.1204
309 175 0.1261
310 175 0.1285
178 176 0.0022
181 176 0.0657
189 176 0.0092
200 176 0.229
201 176 0.0137
203 176 0.02
211 176 0.0206
217 176 0.03
229 176 0.0398
239 176 0.0627
247 176 0.2139
254 176 0.0618
257 176 0.1837
259 176 0.0592
260 176 0.1152
262 176 0.2108
272 176 0.0678
291 176 0.1075
292 176 0.125
298 176 0.1023
300 176 0.1079
309 176 0.1238
310 176 0.1264
320 176 0.2044
200 177 0.0171
181 178 0.0678
188 178 0.0448
216 178 0.0556
217 178 0.0302
220 178 0.0299
229 178 0.0401
231 178 0.0753
254 178 0.0624
259 178 0.0589
260 178 0.1167
291 178 0.1082
292 178 0.126
298 178 0.1019
300 178 0.1077
305 178 0.1173
306 178 0.1201
309 178 0.1232
310 178 0.1259
181 179 0.0095
181 180 0.073
187 180 0.005
218 180 0.0593
257 180 0.0634
260 180 0.0687
188 181 0.0241
190 181 0.0159
191 181 0.0301
194 181 0.0118
195 181 0.0133
197 181 0.0375
200 181 0.1634
202 181 0.1613
205 181 0.0211
206 181 0.0151
208 181 0.0261
210 181 0.0181
211 181 0.0743
215 181 0.0373
216 181 0.0313
218 181 0.1288
219 181 0.0327
220 181 0.065
221 181 0.0429
224 181 0.0489
225 181 0.0385
229 181 0.0586
231 181 0.0355
232 181 0.0901
238 181 0.0396
245 181 0.1458
247 181 0.15
249 181 0.1413
252 181 0.1483
254 181 0.0574
255 181 0.0529
257 181 0.1214
260 181 0.0655
262 181 0.1482
273 181 0.1225
283 181 0.0904
291 181 0.0837
292 181 0.0876
295 181 0.0905
296 181 0.0973
298 181 0.1088
300 181 0.1105
304 181 0.1155
305 181 0.1266
306 181 0.1246
309 181 0.1319
310 181 0.134
312 181 0.3823
320 181 0.2303
196 182 0.0099
200 182 0.011
202 182 0.0129
212 182 0.0208
218 182 0.0412
223 182 0.0338
244 182 0.0461
245 182 0.0489
247 182 0.0483
252 182 0.0516
257 182 0.0701
260 182 0.1369
262 182 0.0613
292 182 0.1575
254 183 0.1237
260 183 0.0738
292 183 0.1008
200 184 0.0088
191 185 0.0156
229 185 0.0304
191 188 0.0059
216 188 0.0202
229 188 0.0374
231 188 0.0369
254 188 0.0438
255 188 0.0444
260 188 0.0765
201 189 0.0083
229 189 0.0307
203 191 0.0246
216 191 0.0211
221 191 0.0215
254 191 0.042
200 192 0.0063
220 193 0.0207
206 194 0.0058
200 196 0.0011
212 196 0.0156
218 196 0.0392
244 196 0.0389
245 196 0.0422
247 196 0.041
249 196 0.0472
250 196 0.0427
252 196 0.0445
257 196 0.0662
260 196 0.1363
262 196 0.0541
205 197 0.021
215 197 0.0159
218 197 0.0915
231 197 0.0453
257 197 0.0845
260 197 0.0455
200 198 0.0072
212 198 0.0103
212 199 0.0093
202 200 0.0033
204 200 0.0099
212 200 0.0157
213 200 0.0103
216 200 0.1823
218 200 0.0395
223 200 0.0268
227 200 0.0244
229 200 0.2122
231 200 0.1667
232 200 0.0839
235 200 0.0278
241 200 0.0331
244 200 0.0385
245 200 0.0419
247 200 0.0406
249 200 0.047
250 200 0.0423
252 200 0.0441
254 200 0.1969
257 200 0.0662
260 200 0.1367
262 200 0.0536
275 200 0.0986
291 200 0.179
292 200 0.1558
298 200 0.2268
310 200 0.2423
312 200 0.2389
315 200 0.2359
317 200 0.2421
203 201 0.0136
211 201 0.0082
216 201 0.0495
220 201 0.0173
229 201 0.0287
254 201 0.0517
260 201 0.1097
218 202 0.0366
244 202 0.0353
245 202 0.0386
247 202 0.0373
249 202 0.0436
250 202 0.039
252 202 0.0408
257 202 0.0629
260 202 0.1338
262 202 0.0504
287 202 0.1407
292 202 0.1527
310 202 0.2392
217 203 0.0118
229 203 0.0208
212 204 0.0064
208 205 0.0058
238 205 0.0247
260 205 0.0456
257 207 0.0416
216 211 0.0539
220 211 0.0164
229 211 0.029
254 211 0.0521
260 211 0.1128
244 212 0.0255
245 212 0.0282
247 212 0.0279
252 212 0.0311
260 212 0.1213
262 212 0.0407
247 213 0.0308
229 214 0.0141
254 214 0.0289
224 215 0.0116
231 215 0.032
238 215 0.0234
254 215 0.0633
257 215 0.0862
260 215 0.0321
261 215 0.0324
292 215 0.0595
295 215 0.0627
217 216 0.0344
218 216 0.145
220 216 0.0403
221 216 0.014
229 216 0.0305
231 216 0.0197
238 216 0.0312
239 216 0.0142
247 216 0.1628
254 216 0.0263
255 216 0.0245
257 216 0.1315
260 216 0.0611
262 216 0.1586
270 216 0.0404
280 216 0.0525
282 216 0.058
283 216 0.0595
285 216 0.0541
291 216 0.0614
292 216 0.0734
295 216 0.0758
296 216 0.087
298 216 0.0784
300 216 0.0807
305 216 0.0963
306 216 0.095
309 216 0.1017
310 216 0.1039
320 216 0.1991
220 217 0.0062
229 217 0.0099
234 217 0.0118
248 217 0.0215
254 217 0.0327
260 217 0.0923
298 217 0.0735
229 218 0.1744
231 218 0.1286
232 218 0.0446
244 218 0.0243
245 218 0.023
247 218 0.0263
249 218 0.0227
252 218 0.0268
254 218 0.1582
257 218 0.0299
260 218 0.0972
262 218 0.0336
273 218 0.0436
275 218 0.0606
292 218 0.1165
296 218 0.1056
298 218 0.1873
300 218 0.1834
312 218 0.2595
225 219 0.0064
260 219 0.0331
229 220 0.0127
236 220 0.0197
242 220 0.0159
248 220 0.0219
251 220 0.021
254 220 0.0357
259 220 0.0291
260 220 0.0972
272 220 0.0379
283 220 0.0535
297 220 0.065
298 220 0.0722
299 220 0.0749
300 220 0.0779
304 220 0.0832
305 220 0.088
306 220 0.0905
309 220 0.094
310 220 0.0966
320 220 0.1789
321 220 0.1818
324 220 0.1877
229 221 0.0165
231 221 0.0314
254 221 0.0208
260 221 0.072
229 222 0.0084
254 222 0.0196
241 223 0.0104
260 223 0.1148
231 224 0.0389
254 224 0.0691
257 224 0.0757
260 224 0.0241
261 224 0.0246
292 224 0.053
295 224 0.0562
260 225 0.0271
229 226 0.017
235 227 0.0033
232 228 0.0251
253 228 0.0148
260 228 0.0325
261 228 0.0335
273 228 0.0555
231 229 0.046
233 229 0.0217
234 229 0.0108
236 229 0.0071
237 229 0.0174
238 229 0.0576
239 229 0.0301
242 229 0.0179
247 229 0.1911
248 229 0.0122
251 229 0.0179
254 229 0.0232
255 229 0.0335
257 229 0.1591
258 229 0.0184
259 229 0.0226
260 229 0.0849
262 229 0.186
271 229 0.0393
272 229 0.0295
280 229 0.0569
283 229 0.0453
285 229 0.0553
286 229 0.0491
287 229 0.0974
291 229 0.0688
292 229 0.0887
294 229 0.0532
296 229 0.1044
297 229 0.0577
298 229 0.0648
299 229 0.068
300 229 0.0697
304 229 0.0751
305 229 0.0816
306 229 0.083
309 229 0.0875
310 229 0.0901
320 229 0.1774
257 230 0.0164
238 231 0.0118
239 231 0.0169
247 231 0.1451
254 231 0.0313
255 231 0.0218
257 231 0.1133
260 231 0.0414
282 231 0.0435
284 231 0.047
287 231 0.06
291 231 0.0483
295 231 0.0582
296 231 0.0681
298 231 0.0771
300 231 0.0775
306 231 0.0915
309 231 0.0994
310 231 0.1013
247 232 0.0609
253 232 0.0277
254 232 0.1138
257 232 0.0315
260 232 0.0529
261 232 0.0539
262 232 0.0581
273 232 0.0355
274 232 0.0372
275 232 0.0309
292 232 0.075
295 232 0.0773
254 233 0.0139
254 236 0.0165
254 238 0.041
260 238 0.0302
261 238 0.0297
254 239 0.0152
255 239 0.0103
260 239 0.0549
260 240 0.0175
244 241 0.0078
247 241 0.0087
8 220 0.0219
250 241 0.0104
260 241 0.117
247 243 0.0048
245 244 0.0041
247 244 0.0025
252 244 0.0056
257 244 0.0331
260 244 0.1093
262 244 0.0152
249 245 0.0059
252 245 0.0039
254 245 0.1689
257 245 0.029
260 245 0.1053
262 245 0.0128
292 245 0.1198
312 245 0.2387
260 246 0.0128
249 247 0.0097
252 247 0.0037
254 247 0.173
257 247 0.0329
260 247 0.1093
262 247 0.0131
273 247 0.0418
275 247 0.0645
291 247 0.1482
292 247 0.1233
298 247 0.1961
300 247 0.1914
310 247 0.2091
312 247 0.2347
315 247 0.2303
317 247 0.2349
330 247 0.5326
254 248 0.0171
258 248 0.007
259 248 0.0113
257 249 0.0232
260 249 0.0996
262 249 0.0109
273 249 0.0327
257 250 0.0314
260 250 0.1079
254 252 0.1703
257 252 0.0299
260 252 0.1064
262 252 0.0097
292 252 0.12
260 253 0.0255
261 253 0.0265
275 253 0.0292
287 253 0.0384
255 254 0.0118
257 254 0.1405
258 254 0.0128
259 254 0.0234
260 254 0.0646
262 254 0.167
264 254 0.0111
265 254 0.0403
266 254 0.0493
270 254 0.0315
271 254 0.0163
272 254 0.0219
275 254 0.1132
280 254 0.0342
282 254 0.0453
283 254 0.0332
285 254 0.0334
286 254 0.031
287 254 0.0748
288 254 0.0334
291 254 0.0458
292 254 0.0657
294 254 0.0394
295 254 0.0672
296 254 0.0816
297 254 0.046
298 254 0.0523
299 254 0.0564
300 254 0.0551
304 254 0.0605
305 254 0.0701
306 254 0.0692
309 254 0.0756
310 254 0.0779
312 254 0.3924
320 254 0.1729
321 254 0.1767
260 255 0.0528
266 255 0.0377
270 255 0.0208
271 255 0.0122
291 255 0.0385
295 255 0.0574
298 255 0.0563
260 256 0.0164
260 257 0.0765
262 257 0.0271
263 257 0.0151
273 257 0.0137
275 257 0.0327
287 257 0.0788
292 257 0.0911
295 257 0.0926
296 257 0.0784
298 257 0.1635
312 257 0.2609
272 258 0.0125
272 259 0.0095
283 259 0.0245
262 260 0.1026
265 260 0.0257
266 260 0.0169
267 260 0.0143
268 260 0.0127
269 260 0.0097
270 260 0.0358
272 260 0.0809
273 260 0.0712
274 260 0.0278
275 260 0.0487
276 260 0.0122
277 260 0.028
278 260 0.0229
279 260 0.0176
280 260 0.0495
281 260 0.0223
282 260 0.0375
283 260 0.0815
285 260 0.0553
287 260 0.025
289 260 0.0363
290 260 0.0328
291 260 0.0442
292 260 0.0291
293 260 0.032
295 260 0.0323
296 260 0.0329
298 260 0.0907
300 260 0.0876
302 260 0.049
303 260 0.0526
304 260 0.0905
305 260 0.1047
306 260 0.0987
307 260 0.0638
308 260 0.0645
309 260 0.1079
310 260 0.109
312 260 0.3292
320 260 0.2098
274 261 0.0286
275 261 0.0495
287 261 0.0248
291 261 0.0433
292 261 0.0285
295 261 0.0316
296 261 0.0327
275 262 0.0557
292 262 0.1143
310 262 0.1993
312 262 0.2344
266 265 0.0091
270 265 0.0102
271 265 0.0289
280 265 0.0261
285 265 0.0315
270 266 0.0191
280 266 0.033
282 266 0.0228
269 268 0.0035
280 270 0.018
282 270 0.0177
282 271 0.0295
283 272 0.0158
298 272 0.0353
321 272 0.1556
324 272 0.1612
292 273 0.082
275 274 0.0213
287 274 0.0278
295 274 0.0415
287 275 0.0465
292 275 0.0588
295 275 0.0601
296 275 0.0458
282 280 0.0149
285 280 0.0058
292 280 0.0368
292 282 0.022
285 283 0.028
292 283 0.0698
297 283 0.013
298 283 0.0198
299 283 0.0235
305 283 0.0373
310 283 0.0455
292 285 0.0419
298 285 0.0357
300 285 0.0337
298 286 0.0244
300 286 0.025
310 286 0.0486
292 287 0.0124
295 287 0.0138
296 287 0.0083
307 287 0.0389
292 289 0.0172
292 291 0.0259
295 291 0.0258
296 291 0.042
298 291 0.048
300 291 0.0439
309 291 0.0637
310 291 0.0647
295 292 0.0032
296 292 0.0165
298 292 0.073
300 292 0.0681
302 292 0.0238
304 292 0.0696
305 292 0.0838
306 292 0.0766
307 292 0.0378
308 292 0.0393
309 292 0.086
310 292 0.0865
296 295 0.0162
302 295 0.0212
307 295 0.0349
310 295 0.0848
307 296 0.0319
298 297 0.0072
299 297 0.0105
300 298 0.0076
304 298 0.0118
305 298 0.0178
306 298 0.0182
309 298 0.0234
310 298 0.0257
320 298 0.1232
321 298 0.1274
324 298 0.1326
300 299 0.0097
306 299 0.016
304 300 0.0055
305 300 0.0175
306 300 0.0142
309 300 0.0219
310 300 0.0237
320 300 0.124
309 301 0.0218
306 304 0.0092
310 304 0.0192
306 305 0.0086
309 305 0.0059
310 305 0.0086
309 306 0.0094
310 306 0.0103
310 309 0.0027
319 310 0.0968
320 310 0.1011
321 310 0.1057
323 310 0.1021
324 310 0.1105
312 311 0.0096
315 311 0.018
317 311 0.0272
313 312 0.0045
314 312 0.0072
315 312 0.0086
316 312 0.0071
317 312 0.0179
318 312 0.0212
325 312 0.0736
328 312 0.3011
330 312 0.3468
315 313 0.0042
316 313 0.0036
315 314 0.0013
316 314 0.0022
316 315 0.0028
317 315 0.0113
318 315 0.0133
318 317 0.0051
323 319 0.0054
321 320 0.0054
322 320 0.0061
323 320 0.005
324 320 0.0094
324 321 0.0061
327 326 0.0093
328 326 0.0163
329 326 0.0935
331 326 0.0013
328 327 0.007
329 328 0.0784