62 1891
0 1 0.796346114244
0 2 0.849322149949
0 3 0.910186096731
0 4 0.893807342642
0 5 0.814302782879
0 6 0.826675451105
0 7 0.946840106748
0 8 0.954585925718
0 9 0.893994449906
0 10 0.856554656196
0 11 0.905200887782
0 12 0.877360550682
0 13 0.935943433541
0 14 0.811717272483
0 15 0.871182994414
0 16 0.839945685977
0 17 0.818016503181
0 18 0.921697655976
0 19 0.784812062626
0 20 0.85683165143
0 21 0.817230936366
0 22 0.976612196894
0 23 0.89296244592
0 24 0.992651879032
0 25 0.776163067484
0 26 0.89961755958
0 27 1.01777673615
0 28 0.907526632825
0 29 0.922016610772
0 30 0.963780077642
0 31 0.957651677804
0 32 1.00073156667
0 33 0.910298960545
0 34 0.850864596044
0 35 0.948445590779
0 36 0.876586647138
0 37 0.838282867913
0 38 0.917917672109
0 39 0.804640770176
0 40 0.824254112807
0 41 0.991376739723
0 42 0.796951297244
0 43 0.801177413962
0 44 0.909198271972
0 45 0.884056062846
0 46 0.979626381725
0 47 0.80424012567
0 48 0.778781902049
0 49 0.95088701395
0 50 0.989432623681
0 51 0.757522168694
0 52 0.81876166276
0 53 0.848188010533
0 54 0.801761928486
0 55 0.941526434109
0 56 0.937384644792
0 57 0.979924320903
0 58 0.890739515218
0 59 0.772961523856
0 60 0.901165199389
0 61 0.904244998001
1 2 0.80717287823
1 3 0.812695730897
1 4 0.799499764051
1 5 0.766572036299
1 6 0.781530619757
1 7 0.841333442562
1 8 0.77809429886
1 9 0.803553397916
1 10 0.803514733399
1 11 0.776958775589
1 12 0.773590649957
1 13 0.789827086213
1 14 0.816939478185
1 15 0.767132040479
1 16 0.757149144926
1 17 0.905544810538
1 18 0.826809780581
1 19 0.903931679868
1 20 0.770004312908
1 21 0.766521016948
1 22 0.835474807159
1 23 0.833198935951
1 24 0.791940448316
1 25 1.21177388485
1 26 0.814732054772
1 27 0.814514284467
1 28 0.774433128421
1 29 0.835790702925
1 30 0.832529515459
1 31 0.782430127884
1 32 0.844622304659
1 33 0.791349922534
1 34 0.777461859906
1 35 0.867093721364
1 36 0.834039098293
1 37 0.878200689074
1 38 0.804090328454
1 39 0.870600252262
1 40 0.840330634965
1 41 0.857238444799
1 42 0.88049190297
1 43 0.829737439233
1 44 0.838206706074
1 45 0.786294480136
1 46 0.810131221047
1 47 0.879439015021
1 48 0.857665246214
1 49 0.831872688258
1 50 0.812871884292
1 51 1.38267439239
1 52 0.729072115144
1 53 0.88925988336
1 54 0.762821208021
1 55 0.83341191925
1 56 0.837428583952
1 57 0.835652779368
1 58 0.824111131429
1 59 0.826529479148
1 60 0.872689606562
1 61 0.773037872996
2 3 0.895119861412
2 4 0.926595506516
2 5 0.791116729785
2 6 0.804613430742
2 7 0.92715169705
2 8 0.863027375447
2 9 0.908218361397
2 10 0.850029015254
2 11 0.891878479889
2 12 0.860804321186
2 13 0.812856822201
2 14 0.821118978756
2 15 0.807245143257
2 16 0.817983694851
2 17 0.847526837612
2 18 0.884969874721
2 19 0.825964692263
2 20 0.837724801391
2 21 0.830947147309
2 22 0.893148224462
2 23 0.926877137823
2 24 0.87828463738
2 25 0.785771074666
2 26 0.876041147754
2 27 0.933588342813
2 28 0.885150967796
2 29 0.90035526049
2 30 0.901110010644
2 31 0.876318008904
2 32 0.965699926899
2 33 0.893683079004
2 34 0.82470888052
2 35 0.926661646901
2 36 0.85059598708
2 37 0.863044869491
2 38 0.888223433664
2 39 0.814437044475
2 40 0.828533560922
2 41 0.92332807514
2 42 0.821228041805
2 43 0.833407800655
2 44 0.864406174402
2 45 0.866425886793
2 46 0.884288101673
2 47 0.821744895806
2 48 0.792506597548
2 49 0.896474230929
2 50 0.863392890057
2 51 0.786287108174
2 52 0.768315482897
2 53 0.806476866898
2 54 0.784728040881
2 55 0.916439716773
2 56 0.943824736479
2 57 0.913222791498
2 58 0.871564653262
2 59 0.798407206482
2 60 0.876344790054
2 61 0.855385982269
3 4 0.95117114904
3 5 0.847261578913
3 6 0.842858450931
3 7 1.04059866041
3 8 1.03007970071
3 9 0.931982285212
3 10 0.839305158379
3 11 0.982316051241
3 12 0.898007274927
3 13 0.87604918072
3 14 0.840518515228
3 15 0.880801912245
3 16 0.882001553617
3 17 0.900946762631
3 18 0.935372687672
3 19 0.845396265562
3 20 0.900935002983
3 21 0.864285081694
3 22 0.99910295744
3 23 0.950841204295
3 24 0.934906973235
3 25 0.801738708365
3 26 0.920244573735
3 27 1.02981361731
3 28 0.94903577781
3 29 0.958249599183
3 30 0.965843469163
3 31 0.899499095602
3 32 0.999298377362
3 33 0.935670170251
3 34 0.874983049114
3 35 1.00043935529
3 36 1.00513001037
3 37 0.902346408605
3 38 1.02399983943
3 39 0.868379797066
3 40 0.86862627686
3 41 1.0150393478
3 42 0.865080003039
3 43 0.849341380106
3 44 0.940853526314
3 45 0.935222786274
3 46 0.922664833152
3 47 0.855759941665
3 48 0.829861964006
3 49 0.996712581855
3 50 0.957841402531
3 51 0.785703252111
3 52 0.782267307288
3 53 0.855928937576
3 54 0.814100857977
3 55 1.01111380229
3 56 1.01006839319
3 57 1.04041862736
3 58 0.897555634538
3 59 0.803807911887
3 60 0.966521571307
3 61 0.935907548517
4 5 0.89411544892
4 6 0.848631951449
4 7 0.953530877947
4 8 0.90022221533
4 9 0.914242544688
4 10 0.898808220311
4 11 1.05556048658
4 12 0.889786558569
4 13 0.85954659677
4 14 0.820876258067
4 15 0.834450991062
4 16 0.849042174776
4 17 0.875608502793
4 18 0.92930949246
4 19 0.823646068587
4 20 0.902395961343
4 21 0.832380798492
4 22 0.94378318358
4 23 0.951210786375
4 24 0.923718418516
4 25 0.776209428463
4 26 0.945649380783
4 27 1.0111876302
4 28 0.947176916198
4 29 0.958300007593
4 30 0.974986577727
4 31 0.891123820499
4 32 1.07537839011
4 33 0.940003131647
4 34 0.878949516764
4 35 0.984802005981
4 36 0.965650754931
4 37 0.882828249811
4 38 0.913073494159
4 39 0.839434995304
4 40 0.857293491604
4 41 0.982684708777
4 42 0.832208989704
4 43 0.858160456857
4 44 0.974803897807
4 45 0.925781358499
4 46 0.90758104837
4 47 0.831559323441
4 48 0.815992651018
4 49 1.05770166245
4 50 0.924419322585
4 51 0.801318737129
4 52 0.766048145803
4 53 0.83236737027
4 54 0.867558293801
4 55 0.946902915554
4 56 1.02832641207
4 57 0.957581139157
4 58 0.875978215966
4 59 0.804311022359
4 60 0.946051639109
4 61 0.958462566372
5 6 0.774804034512
5 7 0.865000676524
5 8 0.866670443372
5 9 0.805062325534
5 10 0.80648717618
5 11 0.885480950689
5 12 0.8322213351
5 13 0.787795401006
5 14 0.797497043815
5 15 0.776879386102
5 16 0.774657160465
5 17 0.795215931581
5 18 0.827453048788
5 19 0.763441454207
5 20 0.769341960969
5 21 0.795432770894
5 22 0.855875067645
5 23 0.826462834285
5 24 0.827883706778
5 25 0.763969259444
5 26 0.850763251737
5 27 0.851971438022
5 28 0.827506724425
5 29 0.837305010445
5 30 0.852430516176
5 31 0.788449362797
5 32 0.87232258764
5 33 0.828585504157
5 34 0.775613287991
5 35 0.820297937643
5 36 0.815653123757
5 37 0.810862487542
5 38 0.843695997884
5 39 0.79127242152
5 40 0.822867699018
5 41 0.847575300966
5 42 0.790591402361
5 43 0.770797021873
5 44 0.837701341274
5 45 0.843394047367
5 46 0.808860306752
5 47 0.803585433852
5 48 0.769523694253
5 49 0.844362706693
5 50 0.811979489035
5 51 0.757470799607
5 52 0.730221648354
5 53 0.778887563202
5 54 0.810304163049
5 55 0.858055111599
5 56 0.839689212558
5 57 0.844363308104
5 58 0.795530531091
5 59 0.779298627235
5 60 0.847537406811
5 61 0.823178434083
6 7 0.83897502876
6 8 0.8295863762
6 9 0.819781154942
6 10 0.795934965227
6 11 0.829076247129
6 12 0.821337137914
6 13 0.788571031223
6 14 0.777735514779
6 15 0.78288917733
6 16 0.75853910789
6 17 0.837648726343
6 18 0.808436666678
6 19 0.805481658265
6 20 0.826617315092
6 21 0.771187505001
6 22 0.843482133526
6 23 0.820664025526
6 24 0.818667379913
6 25 0.768135131248
6 26 0.819942032121
6 27 0.863158397365
6 28 0.830542018285
6 29 0.815529020035
6 30 0.835122074421
6 31 0.801873524497
6 32 0.841786286084
6 33 0.817628825342
6 34 0.799373922517
6 35 0.849354444482
6 36 0.808015441422
6 37 0.820966375998
6 38 0.830686409078
6 39 0.777104029944
6 40 0.778826954808
6 41 0.832815905968
6 42 0.794567350671
6 43 0.772995634187
6 44 0.834317745322
6 45 0.82128167032
6 46 0.813580959111
6 47 0.801696931947
6 48 0.80839701105
6 49 0.812976573287
6 50 0.814686424263
6 51 0.770639730872
6 52 0.749951308977
6 53 0.784077062466
6 54 0.789479798939
6 55 0.830846067323
6 56 0.831885289479
6 57 0.822048680454
6 58 0.788337880045
6 59 0.758977800839
6 60 0.821161660673
6 61 0.811495745024
7 8 1.02749986137
7 9 0.9677127097
7 10 0.908450873963
7 11 0.985266900605
7 12 0.88549186899
7 13 0.860700972145
7 14 0.901317093497
7 15 0.85447615318
7 16 0.880389615663
7 17 0.968538572666
7 18 0.985939112011
7 19 0.853575404603
7 20 0.883287650544
7 21 0.871997460124
7 22 1.00879838114
7 23 1.02294679046
7 24 0.954961637516
7 25 0.83309185515
7 26 0.959527606285
7 27 1.01233131517
7 28 0.946287223647
7 29 0.985650563518
7 30 1.0079728325
7 31 0.872117004208
7 32 1.14026494265
7 33 0.961573642066
7 34 0.841936633559
7 35 1.03017358007
7 36 0.94493626445
7 37 0.992792279568
7 38 1.05325343025
7 39 0.912412421477
7 40 0.876594054027
7 41 1.08844351363
7 42 0.927899978512
7 43 0.865789401023
7 44 0.934980781248
7 45 0.936463106188
7 46 0.916741054608
7 47 0.898362571243
7 48 0.865838987833
7 49 0.971311584535
7 50 0.938676423474
7 51 0.808624417095
7 52 0.794176238211
7 53 0.902652791843
7 54 0.841157987391
7 55 1.18704308856
7 56 1.05747314696
7 57 1.16177841349
7 58 0.871093627727
7 59 0.853815339738
7 60 0.977172166134
7 61 0.940807624438
8 9 0.879579175391
8 10 0.846417610479
8 11 0.96879729399
8 12 0.887487795261
8 13 0.834316172455
8 14 0.814456268516
8 15 0.862774163022
8 16 0.875238757775
8 17 0.810819078086
8 18 0.900873468148
8 19 0.779799061382
8 20 0.89739102547
8 21 0.86514843069
8 22 0.950077442478
8 23 0.938840721862
8 24 0.940774683496
8 25 0.765847727951
8 26 0.940341240572
8 27 0.967811103898
8 28 0.953497471702
8 29 0.918731870443
8 30 0.973936620713
8 31 0.870212844372
8 32 0.987507097098
8 33 0.888841061436
8 34 0.839243127589
8 35 0.926108666497
8 36 0.916977753116
8 37 0.837679989622
8 38 1.31947282925
8 39 0.827838267218
8 40 0.813013879944
8 41 0.948596491586
8 42 0.804706143588
8 43 0.797755723312
8 44 0.908157747447
8 45 0.906001545896
8 46 0.902893905503
8 47 0.811754739203
8 48 0.784329882353
8 49 0.92633002981
8 50 0.924061363106
8 51 0.754957091118
8 52 0.797566078703
8 53 0.826865820111
8 54 0.847675237983
8 55 1.11887006128
8 56 0.955959255001
8 57 1.18266896326
8 58 0.856550703475
8 59 0.798664571665
8 60 0.941539039339
8 61 0.917106902353
9 10 0.841951839738
9 11 0.909860543929
9 12 0.885801346976
9 13 0.846105661569
9 14 0.855791793476
9 15 0.836392089286
9 16 0.830548980004
9 17 0.87909351705
9 18 1.05971219874
9 19 0.845508734789
9 20 0.866105289632
9 21 0.842008725937
9 22 0.941046399869
9 23 0.926782001042
9 24 0.927977698589
9 25 0.792993493458
9 26 0.931826010438
9 27 0.974713282505
9 28 0.89490584107
9 29 1.04903982621
9 30 0.94423302187
9 31 0.851463431259
9 32 1.09737479725
9 33 0.919321064895
9 34 0.842736617095
9 35 0.948051944962
9 36 0.890884451076
9 37 0.903070821699
9 38 0.893759506269
9 39 0.847675375886
9 40 0.846397068371
9 41 1.01646025628
9 42 0.868494479151
9 43 0.822362793191
9 44 0.947603226155
9 45 0.873012452314
9 46 0.884746869364
9 47 0.854232891713
9 48 0.810260379349
9 49 0.946854043475
9 50 0.884547196722
9 51 0.78097755784
9 52 0.777878343325
9 53 0.815481275286
9 54 0.819443722487
9 55 0.933589917794
9 56 1.09217866618
9 57 0.958025904523
9 58 0.847211528137
9 59 0.799493476386
9 60 0.879253267782
9 61 0.888267727931
10 11 0.843818922923
10 12 0.836089279327
10 13 0.820328772968
10 14 0.85415079056
10 15 0.823150209344
10 16 0.852868843585
10 17 0.910402553556
10 18 0.879125554742
10 19 0.841959255174
10 20 0.819011909921
10 21 0.801762014163
10 22 0.866961857684
10 23 0.8726135189
10 24 0.849768907374
10 25 0.793444506892
10 26 0.864569789378
10 27 0.886482227686
10 28 0.824782700271
10 29 0.894519503156
10 30 0.902155110674
10 31 0.847368748942
10 32 0.954866763023
10 33 0.862064029131
10 34 0.856272954261
10 35 0.90687805799
10 36 0.871659474088
10 37 0.955052425741
10 38 0.868882674711
10 39 0.851335399555
10 40 0.818857697864
10 41 0.950307770777
10 42 0.862831920008
10 43 0.858126121184
10 44 0.843984878336
10 45 0.867628099772
10 46 0.863650394367
10 47 0.8605673563
10 48 0.842963650438
10 49 0.876399482385
10 50 0.881056262679
10 51 0.78770953731
10 52 0.782015625674
10 53 0.848899709733
10 54 0.793315384482
10 55 0.874543410631
10 56 0.932768929524
10 57 0.909388214708
10 58 0.830280007298
10 59 0.813785275573
10 60 0.880378030822
10 61 0.828781397213
11 12 0.918962781075
11 13 0.847353487718
11 14 0.820626054758
11 15 0.857340568981
11 16 0.876736570414
11 17 0.837320641622
11 18 0.928817249016
11 19 0.820891612266
11 20 0.882379451546
11 21 0.865572097182
11 22 0.965541062778
11 23 0.923785437859
11 24 0.956204165863
11 25 0.746879409348
11 26 0.968094219081
11 27 0.987901629926
11 28 0.940042380575
11 29 0.960550683833
11 30 0.923910154759
11 31 0.866141141174
11 32 1.02337630848
11 33 0.924268660812
11 34 0.83775167197
11 35 0.978573195808
11 36 0.95015764644
11 37 0.854187853727
11 38 0.953254950175
11 39 0.832275577304
11 40 0.846407172043
11 41 0.965040373912
11 42 0.834134472109
11 43 0.81472049619
11 44 0.945534984265
11 45 0.893423155456
11 46 0.907868600442
11 47 0.81773505568
11 48 0.814921972263
11 49 1.00686563165
11 50 0.90879365822
11 51 0.759098012257
11 52 0.776544397038
11 53 0.811348804604
11 54 0.865483240217
11 55 0.973299246757
11 56 0.990108004225
11 57 0.994361607625
11 58 0.8696589562
11 59 0.78347245336
11 60 0.935289898462
11 61 0.923499305274
12 13 0.830865048398
12 14 0.790467351629
12 15 0.838239162691
12 16 0.84120142114
12 17 0.833291330046
12 18 0.87767874323
12 19 0.80227802265
12 20 0.844962221417
12 21 0.805861790668
12 22 0.878883176077
12 23 0.884350612925
12 24 0.858432037839
12 25 0.770164761172
12 26 0.904267055294
12 27 0.968992849884
12 28 0.84654203908
12 29 0.928040098419
12 30 0.879565512639
12 31 0.865770408691
12 32 0.965532325537
12 33 0.884063901865
12 34 0.794140642352
12 35 0.877332975264
12 36 0.900702655418
12 37 0.864440392078
12 38 0.904858938928
12 39 0.7974621101
12 40 0.784696724796
12 41 0.920242398583
12 42 0.799799586258
12 43 0.79689803687
12 44 0.870069559466
12 45 0.893307325277
12 46 0.862596282652
12 47 0.793126216398
12 48 0.779572971918
12 49 0.93217716069
12 50 0.884496073368
12 51 0.760288962175
12 52 0.780959794562
12 53 0.796548586052
12 54 0.805840277781
12 55 0.916874710594
12 56 0.956380957019
12 57 0.913091773929
12 58 0.815139420475
12 59 0.757069417813
12 60 0.901156711903
12 61 0.855048533769
13 14 0.783052061636
13 15 0.826769171104
13 16 0.79533481041
13 17 0.795420240013
13 18 0.869630606597
13 19 0.773484873671
13 20 0.813800523056
13 21 0.753407114771
13 22 0.895745220642
13 23 0.86820791441
13 24 0.923670004744
13 25 0.786843086975
13 26 0.842982491067
13 27 0.980037467522
13 28 0.848188881813
13 29 0.890044326237
13 30 0.94474628161
13 31 1.23473309943
13 32 0.922618356087
13 33 0.86423401025
13 34 0.821383864787
13 35 0.86694614947
13 36 0.847834638411
13 37 0.830438347782
13 38 0.855325555411
13 39 0.803710656516
13 40 0.808694357293
13 41 0.921911885699
13 42 0.777894277086
13 43 0.801959397614
13 44 0.883629668377
13 45 0.850526715692
13 46 1.00975896113
13 47 0.809880966893
13 48 0.760113024347
13 49 0.892861338175
13 50 1.22926717483
13 51 0.75387185686
13 52 0.767911866709
13 53 0.810197684702
13 54 0.769755406094
13 55 0.865140219785
13 56 0.881516815849
13 57 0.883849077416
13 58 0.910747289393
13 59 0.751504085949
13 60 0.838428030687
13 61 0.851631111231
14 15 0.772003358961
14 16 0.811140601403
14 17 0.914369316951
14 18 0.860344331852
14 19 0.858872133581
14 20 0.777851290647
14 21 0.816016192926
14 22 0.882503261715
14 23 0.898571440401
14 24 0.854030978615
14 25 0.79289552914
14 26 0.854850490903
14 27 0.864042034564
14 28 0.804941027364
14 29 0.871898323814
14 30 0.878545697999
14 31 0.798558380596
14 32 0.900601641114
14 33 0.830596016047
14 34 0.794148968867
14 35 0.875419437885
14 36 0.846273802194
14 37 0.974635706533
14 38 0.851954841609
14 39 0.850521229303
14 40 0.821200622176
14 41 0.915233238737
14 42 0.886225195572
14 43 0.910252019228
14 44 0.823612733483
14 45 0.823418493115
14 46 0.834935324218
14 47 0.897998460669
14 48 0.884382322437
14 49 0.818218660481
14 50 0.822712502834
14 51 0.810319162273
14 52 0.738840779782
14 53 0.828567085918
14 54 0.794303051393
14 55 0.874404525103
14 56 0.872619718227
14 57 0.874736484994
14 58 0.818312095636
14 59 0.810838480888
14 60 0.838360633384
14 61 0.821841078336
15 16 0.781216809914
15 17 0.818340579016
15 18 0.835331354305
15 19 0.798914644724
15 20 0.787306556863
15 21 0.777674297785
15 22 0.862323366971
15 23 0.838227204774
15 24 0.859152841778
15 25 0.750369885436
15 26 0.821364367468
15 27 0.891369894616
15 28 0.824974131301
15 29 0.846950955149
15 30 0.866115988474
15 31 0.846772671781
15 32 0.868904366306
15 33 0.834476207837
15 34 0.807045109922
15 35 0.858195144157
15 36 0.874874871996
15 37 0.826062106888
15 38 0.875365727192
15 39 0.809367506728
15 40 0.803586040584
15 41 0.870459960582
15 42 0.802353904607
15 43 0.750890948182
15 44 0.863633503303
15 45 0.828997010315
15 46 0.850215024183
15 47 0.813822995949
15 48 0.803840926871
15 49 0.845406042119
15 50 0.856034729785
15 51 0.758920724319
15 52 0.744957511848
15 53 0.830485151854
15 54 0.78875474181
15 55 0.855970789323
15 56 0.883866983065
15 57 0.873791462896
15 58 0.831181827856
15 59 0.780267670187
15 60 0.864334491906
15 61 0.819198114294
16 17 0.838786122264
16 18 0.840082617561
16 19 0.813155717867
16 20 0.815273526999
16 21 0.784035457027
16 22 0.87631001332
16 23 0.906537166106
16 24 0.886881859468
16 25 0.771988300998
16 26 0.840608763645
16 27 0.859635673225
16 28 0.853660861656
16 29 0.883867729354
16 30 0.866981191513
16 31 0.812439801868
16 32 0.909650409154
16 33 0.853886803604
16 34 0.830665472611
16 35 0.907605647875
16 36 0.850593907464
16 37 0.86873681816
16 38 0.900922277719
16 39 0.823042448226
16 40 0.817797332645
16 41 0.897844244058
16 42 0.826608927925
16 43 0.820071145073
16 44 0.843985295945
16 45 0.845483390885
16 46 0.824081021556
16 47 0.829543806319
16 48 0.814475465301
16 49 0.869878688887
16 50 0.842634368491
16 51 0.751782685488
16 52 0.744616828564
16 53 0.79685389616
16 54 0.790400026208
16 55 0.913004724065
16 56 0.903429701135
16 57 0.919895973372
16 58 0.790092557808
16 59 0.784175727897
16 60 0.839339738648
16 61 0.866373283491
17 18 0.88179959391
17 19 1.02407455064
17 20 0.825958721818
17 21 0.809683552553
17 22 0.890696723783
17 23 0.963072361597
17 24 0.833785379487
17 25 0.862111071738
17 26 0.865253043934
17 27 0.876534693712
17 28 0.833642181298
17 29 0.887311344994
17 30 0.927906854436
17 31 0.808798738028
17 32 0.960874053725
17 33 0.87632589734
17 34 0.833169931205
17 35 0.943110318787
17 36 0.92732856798
17 37 1.06131466107
17 38 0.860577110592
17 39 1.07129916967
17 40 0.91271630946
17 41 0.992910936826
17 42 1.05828226866
17 43 0.873210126758
17 44 0.857025737801
17 45 0.851667079569
17 46 0.834399653116
17 47 1.10717645221
17 48 1.15825963377
17 49 0.8657575421
17 50 0.843830460144
17 51 0.937813032186
17 52 0.76850423864
17 53 0.94099310111
17 54 0.815649933657
17 55 0.890841044729
17 56 0.931434905637
17 57 0.894330859912
17 58 0.829830206928
17 59 0.914244660244
17 60 0.895184786417
17 61 0.853390853357
18 19 0.861459141627
18 20 0.886708493442
18 21 0.852710927541
18 22 0.977794873727
18 23 0.969910981238
18 24 0.944274389696
18 25 0.822311137102
18 26 0.94731517244
18 27 1.02099595073
18 28 0.908709035593
18 29 1.11989267544
18 30 0.970799679774
18 31 0.903225965814
18 32 1.17835074038
18 33 0.993344886318
18 34 0.85908442463
18 35 0.996598478781
18 36 0.939152102266
18 37 0.925179897139
18 38 0.912971953714
18 39 0.876834839038
18 40 0.873490818765
18 41 1.04103001006
18 42 0.841149541084
18 43 0.857651574045
18 44 0.959023335692
18 45 0.878713264768
18 46 0.908595439891
18 47 0.880001515709
18 48 0.851982243994
18 49 0.995753228333
18 50 0.950146515271
18 51 0.790785996602
18 52 0.782035602796
18 53 0.853285758626
18 54 0.843590406983
18 55 0.954438268775
18 56 1.14075931833
18 57 0.975107421711
18 58 0.87690791115
18 59 0.798648764714
18 60 0.902361698101
18 61 0.931520779649
19 20 0.808240445142
19 21 0.7822965635
19 22 0.847590969247
19 23 0.900322143118
19 24 0.80338568742
19 25 0.845369134423
19 26 0.843305736788
19 27 0.825171931587
19 28 0.795515342637
19 29 0.854105925121
19 30 0.881442395397
19 31 0.782670931891
19 32 0.881791406007
19 33 0.835064490778
19 34 0.80496892609
19 35 0.903995074824
19 36 0.841298456925
19 37 0.916049873727
19 38 0.814765183126
19 39 0.943141435087
19 40 0.822732754455
19 41 0.90328207149
19 42 0.931194630538
19 43 0.825890540875
19 44 0.831919090694
19 45 0.806401314825
19 46 0.802771290327
19 47 0.957123699824
19 48 0.940839098125
19 49 0.836482460692
19 50 0.817917226977
19 51 0.917395444904
19 52 0.751546975286
19 53 0.868157311995
19 54 0.797548714811
19 55 0.850400828226
19 56 0.876555127446
19 57 0.837309019153
19 58 0.823641547745
19 59 0.849657564333
19 60 0.846594500371
19 61 0.81061555984
20 21 0.805543934137
20 22 0.88337680304
20 23 0.879172442875
20 24 0.871595544647
20 25 0.759403245807
20 26 0.873775725072
20 27 0.942775036601
20 28 0.836145822311
20 29 0.884852377081
20 30 0.883141922001
20 31 0.848905566831
20 32 0.941224827205
20 33 0.881864927371
20 34 0.83262672524
20 35 0.950298003657
20 36 0.857494632421
20 37 0.820367558178
20 38 0.876212603975
20 39 0.801488842988
20 40 0.791950364881
20 41 0.910581112276
20 42 0.802022719332
20 43 0.794510914916
20 44 0.870261123716
20 45 0.851220203385
20 46 0.860613426135
20 47 0.794146418113
20 48 0.789797604302
20 49 0.893097425498
20 50 0.875449352267
20 51 0.739069617712
20 52 0.784954677896
20 53 0.80564037278
20 54 0.843310672267
20 55 0.865804137846
20 56 0.935661432184
20 57 0.895533677301
20 58 0.811363531259
20 59 0.791470591033
20 60 0.833757516286
20 61 0.871826077525
21 22 0.850688695125
21 23 0.885829088762
21 24 0.828883711627
21 25 0.75135388778
21 26 0.902796449945
21 27 0.821781945132
21 28 0.872646589098
21 29 0.845462570288
21 30 0.857746994103
21 31 0.772925308503
21 32 0.877401596956
21 33 0.812319076388
21 34 0.774427170926
21 35 0.887912609817
21 36 0.846353150042
21 37 0.813398201061
21 38 0.855198037362
21 39 0.784002131752
21 40 0.796370297815
21 41 0.860906929214
21 42 0.788982603389
21 43 0.802735229303
21 44 0.860510520757
21 45 0.804283941224
21 46 0.756314490335
21 47 0.778100715901
21 48 0.7725869144
21 49 0.832486166571
21 50 0.760535576988
21 51 0.754610925875
21 52 0.745449213627
21 53 0.786128113005
21 54 0.776262589996
21 55 0.861879938214
21 56 0.845836401982
21 57 0.873537472745
21 58 0.783087565984
21 59 0.788177944865
21 60 0.834922140504
21 61 0.800006233012
22 23 0.980675623702
22 24 1.16249135699
22 25 0.816373445629
22 26 0.943077096676
22 27 1.03841763026
22 28 0.95090116123
22 29 0.970850262681
22 30 1.03501085804
22 31 0.929979126767
22 32 1.08668436988
22 33 0.942133934536
22 34 0.910023014068
22 35 1.04909575586
22 36 0.971922091759
22 37 0.967150447125
22 38 0.976657838053
22 39 0.886876300794
22 40 0.858245102323
22 41 1.1279059241
22 42 0.894301059122
22 43 0.861616546354
22 44 0.969240960967
22 45 0.920041924426
22 46 0.974515976215
22 47 0.878890444305
22 48 0.843492678756
22 49 0.996498998357
22 50 0.987181515989
22 51 0.811789978915
22 52 0.786123788233
22 53 0.879970490485
22 54 0.849309405865
22 55 1.01464221669
22 56 1.03873483358
22 57 1.04357674393
22 58 0.887631126487
22 59 0.81615217154
22 60 0.94023191685
22 61 0.908314048219
23 24 0.951332940186
23 25 0.820623404427
23 26 0.93874372903
23 27 0.955764279791
23 28 0.937908193958
23 29 0.973929731598
23 30 0.982591737831
23 31 0.889516541869
23 32 1.0842751357
23 33 0.921638975968
23 34 0.8547407999
23 35 1.01056318078
23 36 0.954761813575
23 37 0.967748133994
23 38 0.954574347353
23 39 0.930154664205
23 40 0.880582351867
23 41 1.04889011979
23 42 0.914056040204
23 43 0.867530950622
23 44 0.936641808233
23 45 0.91207700508
23 46 0.918987480867
23 47 0.920227650899
23 48 0.891511092576
23 49 0.926866706891
23 50 0.91037893032
23 51 0.808919668285
23 52 0.785275950441
23 53 0.894165143473
23 54 0.848790652129
23 55 1.02552213356
23 56 1.03327965357
23 57 1.03797924307
23 58 0.870423149515
23 59 0.877423219517
23 60 0.946699053237
23 61 0.924732276208
24 25 0.771114389731
24 26 0.927047723996
24 27 1.05666582601
24 28 0.930218191704
24 29 0.995789012524
24 30 0.953146347107
24 31 0.963897820337
24 32 1.06696563903
24 33 0.943264460085
24 34 0.872720516352
24 35 1.01457762039
24 36 0.945633478815
24 37 0.89744497297
24 38 0.950834289138
24 39 0.830141780622
24 40 0.826588466115
24 41 0.984645784756
24 42 0.847900763259
24 43 0.826311399528
24 44 0.920994456808
24 45 0.890695005373
24 46 0.985235636278
24 47 0.824313012944
24 48 0.798585118778
24 49 0.971074120712
24 50 0.997652097247
24 51 0.769861964887
24 52 0.766353214197
24 53 0.819052732997
24 54 0.81808548006
24 55 0.972376296848
24 56 1.00931828273
24 57 0.992038429599
24 58 0.907854697841
24 59 0.779842503957
24 60 0.906770632951
24 61 0.901715979649
25 26 0.802960197856
25 27 0.801460436039
25 28 0.769657844323
25 29 0.816468091107
25 30 0.819334839605
25 31 0.757851128317
25 32 0.840693654675
25 33 0.752944755632
25 34 0.766750762674
25 35 0.827757651505
25 36 0.81573703373
25 37 0.847960683462
25 38 0.80829953429
25 39 0.84434643773
25 40 0.813118632441
25 41 0.844002806228
25 42 0.852188842163
25 43 0.816523221922
25 44 0.817849651712
25 45 0.777601358638
25 46 0.807156065336
25 47 0.849076814374
25 48 0.843485887907
25 49 0.801932188328
25 50 0.792818242086
25 51 1.22733986498
25 52 0.731908061236
25 53 0.851251470982
25 54 0.736323762292
25 55 0.832660992773
25 56 0.823556838388
25 57 0.830254801041
25 58 0.806668325907
25 59 0.80997503372
25 60 0.838432097342
25 61 0.767882818765
26 27 1.00612139062
26 28 0.906706161051
26 29 0.960752758149
26 30 0.988802477476
26 31 0.868694632463
26 32 1.04534646242
26 33 0.898963446488
26 34 0.837678439166
26 35 0.953636154369
26 36 0.90431123549
26 37 0.903434229687
26 38 0.943395609067
26 39 0.829400275592
26 40 0.829077484681
26 41 1.01469989969
26 42 0.837820916878
26 43 0.826270450824
26 44 1.01138672358
26 45 0.914535823936
26 46 0.881490562775
26 47 0.857152364024
26 48 0.803246153384
26 49 0.963457610751
26 50 0.900618373892
26 51 0.803167831995
26 52 0.809898554351
26 53 0.831515591091
26 54 0.832596059355
26 55 0.96753685517
26 56 0.992348763359
26 57 0.99254406349
26 58 0.829137149294
26 59 0.818849228227
26 60 0.940892421902
26 61 0.910654528878
27 28 0.943857341357
27 29 1.03178830546
27 30 1.0805154556
27 31 1.05426610403
27 32 1.15921249296
27 33 1.01150899477
27 34 0.898344500752
27 35 1.02640328966
27 36 0.961195350675
27 37 0.913323924312
27 38 0.99550392604
27 39 0.857854742346
27 40 0.861071961845
27 41 1.09911032274
27 42 0.837065453822
27 43 0.820657113021
27 44 1.02699232401
27 45 0.929883528223
27 46 1.06753549363
27 47 0.841829123249
27 48 0.825711442295
27 49 1.08379548053
27 50 1.13386042026
27 51 0.780175657677
27 52 0.79761182642
27 53 0.824324256207
27 54 0.837948853031
27 55 0.98061086569
27 56 1.10650522893
27 57 1.01379834398
27 58 0.927664934555
27 59 0.774839551405
27 60 0.980667691112
27 61 0.98632227797
28 29 0.906327009994
28 30 0.925558525106
28 31 0.861924338819
28 32 0.942239064662
28 33 0.890197818307
28 34 0.852407813246
28 35 0.942066086439
28 36 0.907762280002
28 37 0.831357881098
28 38 0.964798001576
28 39 0.81464589954
28 40 0.824128002024
28 41 0.911389384005
28 42 0.808868939817
28 43 0.78260284807
28 44 0.874381465993
28 45 0.845166710224
28 46 0.884781647272
28 47 0.8063607604
28 48 0.784885596041
28 49 0.932867146436
28 50 0.883484669648
28 51 0.758880523536
28 52 0.772912721252
28 53 0.81138247487
28 54 0.821058354385
28 55 0.949291474
28 56 0.932252006617
28 57 0.948119750108
28 58 0.852829438432
28 59 0.809899571421
28 60 0.900064272367
28 61 0.918349780773
29 30 1.01503258462
29 31 0.919522059509
29 32 1.17282875197
29 33 0.993246532118
29 34 0.870141851065
29 35 0.976931281534
29 36 0.937828425734
29 37 0.950862866923
29 38 0.940276784138
29 39 0.856614661837
29 40 0.891586384228
29 41 1.08558898504
29 42 0.880391242229
29 43 0.872202376397
29 44 0.933797896222
29 45 0.902112052868
29 46 0.943253776381
29 47 0.877867983345
29 48 0.819546150248
29 49 1.02818133424
29 50 0.939902064506
29 51 0.797267218656
29 52 0.775951430761
29 53 0.815091339827
29 54 0.778577449973
29 55 1.00084294417
29 56 1.15981007143
29 57 0.995190373174
29 58 0.868770048788
29 59 0.802558288698
29 60 0.894371441705
29 61 0.913676638077
30 31 0.946916956703
30 32 1.10326568557
30 33 0.947994312256
30 34 0.941750211406
30 35 0.992168039665
30 36 0.945007617304
30 37 0.966485433832
30 38 1.03080548129
30 39 0.904265689983
30 40 0.90677034161
30 41 1.18990285206
30 42 0.91828649427
30 43 0.859599933236
30 44 0.981737101732
30 45 0.930190930784
30 46 0.988441989385
30 47 0.899539200666
30 48 0.882866257278
30 49 1.05788718174
30 50 1.06248860494
30 51 0.802680108613
30 52 0.787062807438
30 53 0.920779753129
30 54 0.836525244376
30 55 1.0641026009
30 56 1.04498103564
30 57 1.06132280357
30 58 0.893337740921
30 59 0.838765025601
30 60 0.95440980236
30 61 0.953074332445
31 32 0.988852322382
31 33 0.906652719633
31 34 0.825851415986
31 35 0.928003581936
31 36 0.8741127324
31 37 0.855988194621
31 38 0.894723960242
31 39 0.797027107315
31 40 0.817984600523
31 41 0.948361729989
31 42 0.780979920819
31 43 0.799663764912
31 44 0.936446356323
31 45 0.844579870886
31 46 1.09635923155
31 47 0.804077905343
31 48 0.777412749092
31 49 0.951231879673
31 50 1.3812241011
31 51 0.740782982798
31 52 0.769420097676
31 53 0.816133268387
31 54 0.794823829163
31 55 0.871104000069
31 56 0.907239615726
31 57 0.899090665881
31 58 0.952776412913
31 59 0.733263049101
31 60 0.84362054315
31 61 0.892819656967
32 33 1.05322462821
32 34 0.90356534206
32 35 1.09752200558
32 36 1.02601055763
32 37 1.00324260056
32 38 1.02906359671
32 39 0.895402396044
32 40 0.877606025732
32 41 1.26323101571
32 42 0.905130428121
32 43 0.878494025823
32 44 1.07972705618
32 45 0.942272334043
32 46 1.00559919623
32 47 0.905426026933
32 48 0.872300887247
32 49 1.19647228689
32 50 1.03850529168
32 51 0.819345380747
32 52 0.782481172586
32 53 0.883259827975
32 54 0.868802715396
32 55 1.13601816504
32 56 1.36910512485
32 57 1.13934838814
32 58 0.931201395391
32 59 0.839687171224
32 60 0.986453038819
32 61 0.960577550245
33 34 0.864787033008
33 35 0.964153432342
33 36 0.914255018685
33 37 0.883272392699
33 38 0.911138619979
33 39 0.813084325026
33 40 0.82020450688
33 41 1.00095063757
33 42 0.818467008948
33 43 0.807903772413
33 44 0.889861568429
33 45 0.905671755687
33 46 0.891565677047
33 47 0.818828675237
33 48 0.801120141095
33 49 0.984543369526
33 50 0.934774977583
33 51 0.768477259963
33 52 0.786258321915
33 53 0.825348386861
33 54 0.858176651471
33 55 0.965529730468
33 56 1.01015288727
33 57 0.962965696692
33 58 0.838112523423
33 59 0.768806502535
33 60 0.876288829928
33 61 0.942593065195
34 35 0.877350730529
34 36 0.853938002883
34 37 0.870947452389
34 38 0.873315563066
34 39 0.846206456435
34 40 0.873101689996
34 41 0.934089160144
34 42 0.841112646634
34 43 0.797424624588
34 44 0.869471764048
34 45 0.943660961408
34 46 0.860357492524
34 47 0.81876594777
34 48 0.801325235713
34 49 0.887823734196
34 50 0.876128996963
34 51 0.763946649139
34 52 0.766943899048
34 53 0.833569530772
34 54 0.813676903315
34 55 0.885587870671
34 56 0.914259779555
34 57 0.88218871784
34 58 0.816876888436
34 59 0.79038067004
34 60 0.81850394783
34 61 0.883767625017
35 36 0.963945945814
35 37 0.959821692906
35 38 0.943641909169
35 39 0.899075880878
35 40 0.879025466188
35 41 1.03607295591
35 42 0.917416696325
35 43 0.86050272486
35 44 0.952470438436
35 45 0.901903179851
35 46 0.932071277949
35 47 0.885459506658
35 48 0.892180208817
35 49 1.00734536423
35 50 0.965943999593
35 51 0.836289632969
35 52 0.7973487967
35 53 0.881430504023
35 54 0.845218631745
35 55 0.988654418189
35 56 1.04015305656
35 57 1.02051359985
35 58 0.88153825269
35 59 0.822551458192
35 60 0.94024321442
35 61 0.93243895972
36 37 0.901601796782
36 38 0.954033930602
36 39 0.881858468556
36 40 0.858730241205
36 41 1.02578663685
36 42 0.869111153605
36 43 0.831214143105
36 44 0.913961318916
36 45 0.900634225234
36 46 0.898255107477
36 47 0.848772977725
36 48 0.838260605362
36 49 0.978330038046
36 50 0.909195213985
36 51 0.814383038418
36 52 0.773904148154
36 53 0.851551404235
36 54 0.814979777989
36 55 0.943495677774
36 56 1.01045338305
36 57 0.955275792898
36 58 0.904384027529
36 59 0.79797814918
36 60 1.01858163161
36 61 0.920338121565
37 38 0.907809299134
37 39 0.9487367733
37 40 0.898625282093
37 41 1.04512930515
37 42 0.97732632713
37 43 0.962428792009
37 44 0.886836416346
37 45 0.866975642622
37 46 0.88585307858
37 47 0.992885476585
37 48 0.96942916722
37 49 0.886272488106
37 50 0.887685926168
37 51 0.870465965793
37 52 0.753605648504
37 53 0.935053288646
37 54 0.817122449986
37 55 0.991506481006
37 56 0.988647788533
37 57 1.01343462803
37 58 0.828361712904
37 59 0.886595738831
37 60 0.864559056274
37 61 0.864064970081
38 39 0.859428126482
38 40 0.832366711547
38 41 0.996361452504
38 42 0.841854604007
38 43 0.845482328041
38 44 0.904529207416
38 45 0.927690450748
38 46 0.927872310657
38 47 0.860785833153
38 48 0.822882103499
38 49 0.941303717237
38 50 0.934089766336
38 51 0.796113109936
38 52 0.788932041891
38 53 0.867589962226
38 54 0.825469937761
38 55 1.17795163759
38 56 0.977518773043
38 57 1.22018339344
38 58 0.861007511732
38 59 0.810864440733
38 60 0.953269485548
38 61 0.938449215952
39 40 0.910758192649
39 41 0.912535141345
39 42 0.999413105744
39 43 0.839957846859
39 44 0.837793552165
39 45 0.827966172405
39 46 0.836860500032
39 47 1.06251044985
39 48 0.961719295492
39 49 0.838106239758
39 50 0.842527596055
39 51 0.881044966593
39 52 0.748065575063
39 53 0.906586703231
39 54 0.79292827367
39 55 0.883268602568
39 56 0.901439013097
39 57 0.902228878877
39 58 0.841015829495
39 59 0.866793775278
39 60 0.849566635377
39 61 0.832912648572
40 41 0.900170733916
40 42 0.913475524381
40 43 0.843395144135
40 44 0.868799488403
40 45 0.836381774276
40 46 0.865660890751
40 47 0.850050936751
40 48 0.856798147621
40 49 0.845085758307
40 50 0.842649447875
40 51 0.819977529776
40 52 0.763055651123
40 53 0.851163835458
40 54 0.788329739694
40 55 0.865732378726
40 56 0.86700134546
40 57 0.870864258659
40 58 0.848767367048
40 59 0.83041522151
40 60 0.855399370576
40 61 0.836544786896
41 42 0.922838791946
41 43 0.895109207687
41 44 1.00799314548
41 45 0.997463470589
41 46 0.95961879071
41 47 0.92129553693
41 48 0.906249117605
41 49 1.14322666916
41 50 1.01294652993
41 51 0.820844828754
41 52 0.791082522927
41 53 0.924413409371
41 54 0.844087108617
41 55 1.07451844687
41 56 1.21322636541
41 57 1.06555518873
41 58 0.898176566902
41 59 0.837389863641
41 60 0.972078712325
41 61 1.00264384033
42 43 0.853742963038
42 44 0.86515896241
42 45 0.846674698317
42 46 0.83205619713
42 47 0.949641615127
42 48 0.959288883149
42 49 0.83609777221
42 50 0.814155817918
42 51 0.881035854244
42 52 0.728382124933
42 53 0.940375838714
42 54 0.780758062278
42 55 0.89248073519
42 56 0.879825849759
42 57 0.888969679826
42 58 0.841480578655
42 59 0.894337020034
42 60 0.866538433887
42 61 0.822163158145
43 44 0.808924257811
43 45 0.83526215589
43 46 0.821103103131
43 47 0.85521659304
43 48 0.877535817825
43 49 0.804730545972
43 50 0.811066593573
43 51 0.816967700794
43 52 0.762039758154
43 53 0.861757923961
43 54 0.775039371954
43 55 0.866174913245
43 56 0.85223849023
43 57 0.864804491584
43 58 0.795363455019
43 59 0.816348506682
43 60 0.821009976199
43 61 0.837521455971
44 45 0.912187358178
44 46 0.91471161775
44 47 0.859992599225
44 48 0.824512153775
44 49 0.969409591393
44 50 0.960769529259
44 51 0.811923552182
44 52 0.774437205613
44 53 0.857636816268
44 54 0.850908343075
44 55 0.94725145471
44 56 0.978178515107
44 57 0.963846909324
44 58 0.893091455372
44 59 0.802436796996
44 60 0.908909611287
44 61 0.88970513099
45 46 0.876871711907
45 47 0.828373745865
45 48 0.799415925542
45 49 0.918040113429
45 50 0.885125320718
45 51 0.766444123245
45 52 0.770803737882
45 53 0.841234654787
45 54 0.823708594736
45 55 0.908557739605
45 56 0.970911176299
45 57 0.909309154638
45 58 0.846964645871
45 59 0.801945565627
45 60 0.877772016024
45 61 0.914365370655
46 47 0.815444921571
46 48 0.819623067359
46 49 0.940983810873
46 50 1.19322288839
46 51 0.782792199246
46 52 0.76802368783
46 53 0.811783330019
46 54 0.829678569382
46 55 0.940506369261
46 56 0.938471575038
46 57 0.979872152622
46 58 0.962860020799
46 59 0.774184877258
46 60 0.866335330274
46 61 0.879015698309
47 48 1.00193812007
47 49 0.832791913451
47 50 0.83444756364
47 51 0.89416395183
47 52 0.734820371968
47 53 0.909883374695
47 54 0.785734626437
47 55 0.873648869908
47 56 0.879884533268
47 57 0.889352793254
47 58 0.799884946661
47 59 0.87595880041
47 60 0.847845919541
47 61 0.815706183335
48 49 0.812241134868
48 50 0.807033447482
48 51 0.887609231663
48 52 0.731039903334
48 53 0.902102289035
48 54 0.804687520648
48 55 0.856468139641
48 56 0.86933650259
48 57 0.85480366204
48 58 0.800729014757
48 59 0.897343434004
48 60 0.832947365074
48 61 0.802722629319
49 50 0.998530204959
49 51 0.792328723456
49 52 0.78137183488
49 53 0.851790078401
49 54 0.820074831767
49 55 0.994892879793
49 56 1.15143275553
49 57 1.00388663827
49 58 0.893579898987
49 59 0.793193308505
49 60 0.944121747073
49 61 0.950694743553
50 51 0.777840545758
50 52 0.777285401497
50 53 0.829841990889
50 54 0.827820498529
50 55 0.930632224195
50 56 0.974987566411
50 57 0.970206589843
50 58 0.961794754268
50 59 0.756314547666
50 60 0.919922746743
50 61 0.922045443424
51 52 0.725773573604
51 53 0.897637172874
51 54 0.745756957611
51 55 0.822975331639
51 56 0.816874191362
51 57 0.813329546768
51 58 0.797024279368
51 59 0.844584300343
51 60 0.847567832009
51 61 0.771665782713
52 53 0.810043466464
52 54 0.744939714395
52 55 0.793688717693
52 56 0.772938189787
52 57 0.799316825343
52 58 0.76139826323
52 59 0.730450215484
52 60 0.770252954235
52 61 0.798300898838
53 54 0.802606918498
53 55 0.904391891959
53 56 0.882607433072
53 57 0.903686134302
53 58 0.826329807085
53 59 0.858633886672
53 60 0.863555089434
53 61 0.851235372104
54 55 0.835561829962
54 56 0.843400385146
54 57 0.832507278141
54 58 0.780207074212
54 59 0.738256608356
54 60 0.795928034717
54 61 0.810248052483
55 56 1.03487249553
55 57 1.5234829643
55 58 0.888719020115
55 59 0.846200386472
55 60 0.968540729452
55 61 0.935391362277
56 57 1.06461421915
56 58 0.879606751379
56 59 0.833336339292
56 60 0.938436926248
56 61 0.967973207905
57 58 0.889273792664
57 59 0.841761105187
57 60 0.967115126652
57 61 0.957685110673
58 59 0.754244015084
58 60 0.864493262825
58 61 0.82697784531
59 60 0.824074253643
59 61 0.795187508412
60 61 0.86458923844
